Size: 4
1613497.527393, 1572024.475677, 1555151.367012, 1546468.401487, 1532239.214047, 1515068.742602, 1512399.409918, 1506165.447038, 1505002.295908, 1502618.746614, 1502003.180092, 1500877.685962, 1489376.351193, 1482954.116994, 1480619.571392, 1476748.313809, 1471574.636562, 1464451.575342, 1457377.502004, 1451880.289678, 1444010.547044, 1442874.008658, 1434939.503290, 1433380.158499, 1427148.276431, 1419189.765458, 1404830.403356, 1381927.364487, 1375294.042851, 1369339.258359, 1368880.001519, 1366579.697144, 1359750.578296, 1356944.366034, 1342935.187484, 1339550.552057, 1339500.783316, 1331552.349237, 1330373.121937, 1328722.443690, 1327588.958034, 1325408.982293, 1323640.991752, 1322023.125626, 1315911.137066, 1314543.719882, 1311920.818980, 1311046.194499, 1308943.925743, 1306651.042264, 1303077.581066, 1294988.146836, 1293803.118477, 1292411.741159, 1283973.480060, 1283539.226506, 1261002.879694, 1241463.218668, 1241107.082205, 1240644.410161, 1232697.951392, 1208599.651365, 1198548.355819, 1194821.262870, 1170771.836962, 1151949.559605, 1136791.213411, 1086511.029855, 1022891.161770, 922792.094497, 893253.114535, 874925.175131, 850642.149885, 798847.815651, 778897.186436, 689048.862840, 670383.443711, 658105.694841, 657807.511023, 641126.713811, 630604.368055, 416635.368938, 353263.754048, 353072.902895, 352518.818006, 352452.766246, 319423.997259, 274599.309947, 255764.515038, 238075.060999, 

1568627.450980, 1538461.538462, 1538461.538462, 1509433.962264, 1509433.962264, 1509433.962264, 1509433.962264, 1481481.481481, 1481481.481481, 1481481.481481, 1481481.481481, 1481481.481481, 1481481.481481, 1481481.481481, 1454545.454545, 1454545.454545, 1428571.428571, 1428571.428571, 1428571.428571, 1428571.428571, 1428571.428571, 1428571.428571, 1403508.771930, 1403508.771930, 1403508.771930, 1403508.771930, 1379310.344828, 1379310.344828, 1355932.203390, 1355932.203390, 1355932.203390, 1333333.333333, 1333333.333333, 1333333.333333, 1333333.333333, 1333333.333333, 1333333.333333, 1311475.409836, 1311475.409836, 1311475.409836, 1311475.409836, 1311475.409836, 1311475.409836, 1311475.409836, 1311475.409836, 1290322.580645, 1290322.580645, 1290322.580645, 1290322.580645, 1290322.580645, 1290322.580645, 1290322.580645, 1290322.580645, 1269841.269841, 1269841.269841, 1269841.269841, 1230769.230769, 1230769.230769, 1230769.230769, 1230769.230769, 1212121.212121, 1194029.850746, 1194029.850746, 1176470.588235, 1159420.289855, 1142857.142857, 1126760.563380, 1066666.666667, 1012658.227848, 919540.229885, 888888.888889, 860215.053763, 842105.263158, 792079.207921, 769230.769231, 689655.172414, 666666.666667, 655737.704918, 650406.504065, 640000.000000, 625000.000000, 410256.410256, 347826.086957, 347826.086957, 347826.086957, 346320.346320, 314960.629921, 271186.440678, 253164.556962, 235294.117647, 


Size: 16
4495217.908556, 4369240.402143, 4212494.157969, 4199837.885326, 4189771.549762, 4182096.751587, 4131753.110943, 4084225.829443, 4069378.080439, 4000887.770955, 3648122.773363, 3641091.889936, 3629804.263745, 3628708.262390, 3621842.900555, 3583132.839449, 3583014.141080, 3577710.427408, 3576261.309108, 3575537.190083, 3573602.719189, 3571891.499172, 3568503.404447, 3540845.681362, 3538832.767576, 3531783.932930, 3526875.058592, 3517412.672409, 3516111.991548, 3512344.025264, 3510562.765996, 3508000.924353, 3502137.028882, 3501726.014868, 3498554.533509, 3492764.445880, 3488652.445097, 3481227.570447, 3478666.393288, 3478484.595099, 3478065.133330, 3471423.184010, 3470434.646591, 3470267.625461, 3461563.080074, 3459749.939024, 3459431.797283, 3459321.153000, 3454087.477895, 3453922.026497, 3444709.404397, 3436869.449167, 3436760.243395, 3433364.679927, 3428236.356865, 3424166.396252, 3420417.037257, 3401565.393098, 3399293.647146, 3391791.776097, 3390197.077146, 3385819.377054, 3385594.165359, 3381466.182603, 3370021.576738, 3364988.994408, 3354123.461576, 3352901.743332, 3352654.908403, 3343663.778779, 3341494.497007, 3340359.329519, 3339547.126410, 3329101.164231, 3322913.386432, 3320618.010730, 3316913.853313, 3314944.219689, 3273446.750879, 3261146.496815, 3250610.466208, 3239584.269326, 3229006.123797, 3221336.589615, 3134992.953077, 3042357.714716, 2920914.406082, 2907058.001398, 2828026.643483, 2773235.559003, 

4444444.444444, 4324324.324324, 4155844.155844, 4155844.155844, 4155844.155844, 4102564.102564, 4050632.911392, 4050632.911392, 4050632.911392, 4000000.000000, 3595505.617978, 3595505.617978, 3595505.617978, 3595505.617978, 3555555.555556, 3555555.555556, 3555555.555556, 3555555.555556, 3555555.555556, 3555555.555556, 3516483.516484, 3516483.516484, 3516483.516484, 3516483.516484, 3516483.516484, 3478260.869565, 3478260.869565, 3478260.869565, 3478260.869565, 3478260.869565, 3478260.869565, 3478260.869565, 3478260.869565, 3478260.869565, 3478260.869565, 3478260.869565, 3478260.869565, 3440860.215054, 3440860.215054, 3440860.215054, 3440860.215054, 3440860.215054, 3440860.215054, 3440860.215054, 3440860.215054, 3440860.215054, 3440860.215054, 3440860.215054, 3440860.215054, 3404255.319149, 3404255.319149, 3404255.319149, 3404255.319149, 3404255.319149, 3404255.319149, 3404255.319149, 3404255.319149, 3368421.052632, 3368421.052632, 3368421.052632, 3368421.052632, 3368421.052632, 3368421.052632, 3333333.333333, 3333333.333333, 3333333.333333, 3333333.333333, 3333333.333333, 3333333.333333, 3333333.333333, 3298969.072165, 3298969.072165, 3298969.072165, 3298969.072165, 3298969.072165, 3265306.122449, 3265306.122449, 3232323.232323, 3232323.232323, 3232323.232323, 3200000.000000, 3200000.000000, 3168316.831683, 3047619.047619, 3018867.924528, 2935779.816514, 2882882.882883, 2882882.882883, 2807017.543860, 2758620.689655, 


Size: 64
14461947.302006, 14177016.089393, 13529089.857248, 13287928.406617, 13217898.728666, 12953341.891250, 12881174.263852, 12838172.673185, 12749830.548434, 12743868.537617, 12711947.200053, 12644099.746469, 12620540.028077, 12586531.677976, 12585295.967827, 12565694.411165, 12556577.009309, 12540971.429607, 12524679.385114, 12516119.233509, 12509966.783413, 12503052.503053, 12410964.012679, 12409050.656284, 12388619.044381, 12334403.632126, 12302792.469999, 12296891.598540, 12296105.243338, 12286676.819419, 12286676.819419, 12280834.968474, 12220217.562467, 12213619.778250, 12212499.294304, 12207373.548198, 12205479.403747, 12205221.156864, 12192709.287415, 12177308.981905, 12167548.469881, 12134573.043320, 12119658.658375, 12104018.912530, 12093488.051936, 12086604.274340, 12081921.032146, 12062131.239523, 12059735.607914, 11994205.831595, 11966546.002704, 11930741.362491, 11906034.681445, 11902022.345178, 11895559.168130, 11867741.504110, 11848646.576130, 11831877.617298, 11820320.957888, 11796189.632255, 11786347.925286, 11781894.432984, 11775280.593064, 11713986.915717, 11666290.275283, 11664206.517710, 11650739.043939, 11615627.024106, 11606979.372420, 11596712.424235, 11591857.513179, 11560727.622534, 11553202.639687, 11525656.266962, 11513502.365159, 11504547.146732, 11483896.227135, 11464078.698950, 11338417.590481, 11334407.461259, 11236563.503375, 11231750.255553, 11182253.755020, 10249734.215039, 9146118.781793, 9105287.249883, 9061235.175537, 9046574.783906, 8881840.460885, 8761397.522289, 

14382022.471910, 14065934.065934, 13195876.288660, 12929292.929293, 12800000.000000, 12673267.326733, 12673267.326733, 12549019.607843, 12549019.607843, 12549019.607843, 12549019.607843, 12427184.466019, 12427184.466019, 12427184.466019, 12427184.466019, 12427184.466019, 12427184.466019, 12427184.466019, 12427184.466019, 12307692.307692, 12307692.307692, 12307692.307692, 12307692.307692, 12307692.307692, 12307692.307692, 12307692.307692, 12307692.307692, 12190476.190476, 12190476.190476, 12190476.190476, 12190476.190476, 12190476.190476, 12190476.190476, 12190476.190476, 12075471.698113, 12075471.698113, 12075471.698113, 12075471.698113, 12075471.698113, 12075471.698113, 12075471.698113, 12075471.698113, 11962616.822430, 11962616.822430, 11962616.822430, 11962616.822430, 11962616.822430, 11962616.822430, 11962616.822430, 11962616.822430, 11851851.851852, 11851851.851852, 11851851.851852, 11851851.851852, 11851851.851852, 11851851.851852, 11743119.266055, 11743119.266055, 11743119.266055, 11743119.266055, 11743119.266055, 11636363.636364, 11636363.636364, 11636363.636364, 11531531.531532, 11531531.531532, 11531531.531532, 11531531.531532, 11531531.531532, 11531531.531532, 11531531.531532, 11531531.531532, 11531531.531532, 11531531.531532, 11428571.428571, 11428571.428571, 11428571.428571, 11428571.428571, 11327433.628319, 11228070.175439, 11228070.175439, 11130434.782609, 11130434.782609, 10158730.158730, 9142857.142857, 9078014.184397, 9014084.507042, 8951048.951049, 8827586.206897, 8767123.287671, 


Size: 256
56405630.589338, 55371275.446946, 55107013.919571, 54833749.866327, 54665303.108675, 54212566.666928, 53399778.601487, 53022044.517977, 52532347.785173, 52356727.401995, 52323682.032404, 52303123.949270, 52178343.949045, 52176770.760313, 51907002.553268, 51865388.433715, 51824422.966063, 51815306.767868, 51798246.762722, 51798052.963581, 51771516.182712, 51763192.725587, 51742492.478463, 51713887.633398, 51689752.760997, 51674125.388644, 51581712.301462, 51553476.871746, 51421164.253056, 51380706.553003, 51256488.289609, 51242639.030258, 51239225.294512, 51057251.176445, 50752908.916277, 50674514.282368, 50565500.213665, 50546484.797149, 50492654.674895, 50357663.782223, 50281945.397822, 50229770.374751, 49952841.591768, 49947435.069503, 49906383.715020, 49875819.136174, 49661307.563725, 49346583.213334, 49111490.285528, 49052501.789270, 49045203.344197, 48993828.209048, 48324141.686330, 47929652.068548, 47894003.078892, 47838727.846330, 47836744.284080, 47600723.406889, 47006926.524514, 46771259.847840, 46545767.521299, 43956451.474636, 43589971.253782, 43050228.708071, 42671795.488240, 42597613.582518, 42478023.815587, 42383742.644943, 42333975.476256, 42267542.681289, 42210067.380103, 42132479.594880, 42107107.228886, 41995346.819670, 41852144.077147, 41755579.683918, 41708909.381769, 40619660.125810, 40471468.662301, 39339849.965901, 38892266.202208, 38261648.200709, 37732529.141944, 36268868.641248, 35151210.470859, 34566004.948530, 34409559.978526, 33411638.643598, 32513280.571147, 32457255.389232, 

55053763.440860, 55053763.440860, 54468085.106383, 53894736.842105, 53333333.333333, 53333333.333333, 52783505.154639, 52783505.154639, 52244897.959184, 52244897.959184, 52244897.959184, 51717171.717172, 51717171.717172, 51717171.717172, 51717171.717172, 51200000.000000, 51200000.000000, 51200000.000000, 51200000.000000, 51200000.000000, 51200000.000000, 51200000.000000, 51200000.000000, 51200000.000000, 51200000.000000, 51200000.000000, 51200000.000000, 50693069.306931, 50693069.306931, 50693069.306931, 50693069.306931, 50693069.306931, 50693069.306931, 50196078.431373, 50196078.431373, 50196078.431373, 50196078.431373, 50196078.431373, 49708737.864078, 49708737.864078, 49708737.864078, 49708737.864078, 49708737.864078, 49708737.864078, 49230769.230769, 49230769.230769, 49230769.230769, 48761904.761905, 48761904.761905, 48761904.761905, 48301886.792453, 47850467.289720, 47850467.289720, 47850467.289720, 47407407.407407, 47407407.407407, 46972477.064220, 46545454.545455, 46545454.545455, 46126126.126126, 43760683.760684, 43025210.084034, 43025210.084034, 42666666.666667, 42314049.586777, 42314049.586777, 42314049.586777, 42314049.586777, 42314049.586777, 41967213.114754, 41967213.114754, 41967213.114754, 41626016.260163, 41626016.260163, 41626016.260163, 41290322.580645, 41290322.580645, 40314960.629921, 40314960.629921, 38787878.787879, 38496240.601504, 38208955.223881, 37647058.823529, 36056338.028169, 35068493.150685, 34362416.107383, 34133333.333333, 33246753.246753, 32405063.291139, 32201257.861635, 


Size: 512
97347232.232320, 95145506.963511, 94980687.563889, 94880444.094164, 94578717.793695, 94474807.477745, 94472551.093521, 94361476.988089, 94199039.943390, 94198719.475271, 94190067.660195, 94054729.748091, 93888252.168429, 93845293.493623, 93841476.847160, 93837660.511128, 93818265.601388, 93611778.825836, 93593109.882235, 93558007.129462, 93532408.220622, 93335041.225368, 93300446.133732, 92818171.456921, 92771212.705007, 92700708.422053, 92244568.892857, 92096683.530073, 91752441.356092, 91152868.674366, 90760264.588073, 90686544.873348, 90545977.763244, 88437419.152898, 88143224.590623, 87962335.838771, 86676162.064529, 85405715.519502, 85051035.609740, 84761517.009572, 84381030.163771, 84269575.379821, 84259830.682807, 84220618.249399, 83921706.502434, 83902379.899035, 83630718.302797, 83476415.293430, 81524677.672470, 81219779.768505, 80950273.206470, 80842026.586318, 80310930.121936, 80149595.039743, 79945257.529255, 79559575.666326, 79280294.570714, 77298984.383288, 76960381.564392, 76089056.943902, 75761363.263251, 74562169.789473, 74562169.789473, 74545909.782331, 74390293.703588, 74229355.609232, 74014268.797631, 73281847.968198, 72048315.036520, 71546406.137357, 71050712.458334, 70078053.027465, 69137015.785505, 67272506.401940, 66853286.654192, 64965076.147372, 64789502.255667, 64048557.523270, 63172669.322346, 60525227.442631, 60400459.837312, 59616664.872430, 59224681.513676, 58836193.799125, 58628271.364445, 58032318.236120, 57856129.448810, 57408814.211548, 56701329.019311, 56336313.362930, 

96603773.584906, 93944954.128440, 93944954.128440, 93944954.128440, 93944954.128440, 93944954.128440, 93944954.128440, 93944954.128440, 93944954.128440, 93944954.128440, 93944954.128440, 93090909.090909, 93090909.090909, 93090909.090909, 93090909.090909, 93090909.090909, 93090909.090909, 93090909.090909, 93090909.090909, 93090909.090909, 92252252.252252, 92252252.252252, 92252252.252252, 92252252.252252, 92252252.252252, 91428571.428571, 91428571.428571, 91428571.428571, 91428571.428571, 90619469.026549, 90619469.026549, 89824561.403509, 89824561.403509, 87521367.521368, 87521367.521368, 87521367.521368, 84628099.173554, 84628099.173554, 83934426.229508, 83934426.229508, 83934426.229508, 83934426.229508, 83252032.520325, 83252032.520325, 83252032.520325, 83252032.520325, 83252032.520325, 82580645.161290, 81269841.269841, 80629921.259843, 80629921.259843, 80000000.000000, 80000000.000000, 80000000.000000, 79379844.961240, 79379844.961240, 78769230.769231, 76417910.447761, 76417910.447761, 75294117.647059, 74744525.547445, 74202898.550725, 74202898.550725, 74202898.550725, 73669064.748201, 73669064.748201, 73142857.142857, 72112676.056338, 71608391.608392, 71111111.111111, 70620689.655172, 70136986.301370, 68266666.666667, 66928104.575163, 64810126.582278, 64402515.723270, 64000000.000000, 63602484.472050, 62822085.889571, 60235294.117647, 60235294.117647, 59190751.445087, 59190751.445087, 58514285.714286, 58514285.714286, 57853107.344633, 57206703.910615, 57206703.910615, 56574585.635359, 56263736.263736, 


Size: 1024
169545351.564174, 168985560.315891, 168376706.101985, 167160459.542510, 166420502.525852, 166163835.654253, 165998968.837304, 165912432.814625, 165812581.030544, 165660302.854442, 165506325.519954, 165451438.268580, 165387696.102880, 164785812.057371, 164469167.555174, 164354458.630862, 163881697.710068, 163787665.479669, 163753278.589150, 163637148.032469, 163286372.240864, 163083927.472340, 162782396.030524, 162693444.424206, 162688664.833486, 162159870.220379, 162079187.056592, 161848970.358723, 161828159.975687, 161676500.556167, 161670836.556848, 161568009.616254, 161463430.279175, 161409309.510624, 161217590.786555, 160782282.508971, 160332141.461226, 160110560.812784, 160036065.820122, 159878513.172140, 159870666.759048, 159716663.878682, 159533538.447356, 159517914.033380, 159134697.724673, 158937848.891440, 158836190.082834, 158764696.606987, 158623719.977658, 158226245.171318, 158198672.772409, 157952755.007159, 157522777.374806, 157474848.007462, 156686208.379547, 155954603.058380, 155862864.798381, 154952250.641462, 153305465.276586, 152577269.596363, 152068210.838494, 151689575.264193, 150890225.826140, 149255768.448118, 147868456.748587, 145031780.909455, 143407413.545751, 141840823.926869, 141299040.620535, 137723815.824161, 134624493.437478, 133026625.541687, 132677317.028760, 132321300.993283, 130904689.863843, 130135027.799841, 125273540.003981, 124445882.659619, 122718160.886937, 120661944.303422, 117729424.745367, 117711657.250231, 116594176.809562, 114771939.714489, 114243935.849352, 111863964.431660, 109221711.835558, 108386086.602522, 108271020.088958, 107877033.484434, 

169256198.347107, 167868852.459016, 166504065.040650, 166504065.040650, 165161290.322581, 165161290.322581, 165161290.322581, 165161290.322581, 165161290.322581, 163840000.000000, 163840000.000000, 163840000.000000, 162539682.539683, 162539682.539683, 162539682.539683, 162539682.539683, 162539682.539683, 162539682.539683, 162539682.539683, 162539682.539683, 162539682.539683, 161259842.519685, 161259842.519685, 161259842.519685, 161259842.519685, 161259842.519685, 161259842.519685, 161259842.519685, 161259842.519685, 161259842.519685, 161259842.519685, 160000000.000000, 160000000.000000, 160000000.000000, 160000000.000000, 160000000.000000, 158759689.922481, 158759689.922481, 158759689.922481, 158759689.922481, 158759689.922481, 158759689.922481, 158759689.922481, 158759689.922481, 157538461.538462, 157538461.538462, 157538461.538462, 157538461.538462, 157538461.538462, 157538461.538462, 157538461.538462, 156335877.862595, 156335877.862595, 156335877.862595, 155151515.151515, 155151515.151515, 153984962.406015, 153984962.406015, 152835820.895522, 151703703.703704, 150588235.294118, 150588235.294118, 150588235.294118, 148405797.101449, 146285714.285714, 144225352.112676, 141241379.310345, 141241379.310345, 140273972.602740, 137449664.429530, 133856209.150327, 132129032.258065, 132129032.258065, 131282051.282051, 130445859.872611, 128805031.446541, 124878048.780488, 124121212.121212, 121904761.904762, 119766081.871345, 117028571.428571, 117028571.428571, 115706214.689266, 114413407.821229, 113777777.777778, 110702702.702703, 108936170.212766, 107789473.684211, 107789473.684211, 107789473.684211, 


Size: 2048
321794399.474697, 314226815.823146, 314043274.724465, 313866173.953457, 308846744.801470, 308057297.026674, 307627766.420763, 306502321.822922, 303407407.407407, 303142498.200400, 301617729.557796, 300998037.840864, 300818182.312009, 300297814.652134, 299785735.552849, 299778432.789565, 299738679.541444, 298238238.723419, 297859665.070098, 297843645.037501, 297282431.601805, 296797277.380282, 294352816.734836, 293922403.269466, 293038202.758515, 292337441.238654, 290298487.120076, 289651651.777308, 289427603.796463, 288149772.744420, 284468553.434889, 284442983.424847, 282552661.722575, 282348814.324973, 281463379.923761, 280763433.473348, 279713305.822276, 279387322.664622, 278045574.475883, 275138344.437654, 274986692.090732, 272490915.398185, 268682687.315935, 264743182.774314, 263432794.285891, 262401743.724605, 261093446.487506, 259189545.909819, 258682854.026481, 257439409.047908, 257280933.642441, 255629530.982050, 255304262.837727, 253475439.925483, 253251138.712569, 251468064.672132, 250935356.116836, 250710418.138027, 250189953.624118, 248487480.929732, 244065262.805313, 243741917.878160, 240847390.178294, 240276819.011131, 238981206.171108, 229768169.399191, 228278776.036836, 228228913.378558, 226118620.779767, 224969460.609569, 222754650.952314, 221854222.920189, 217548383.548513, 212369593.729148, 211784016.551745, 210120222.269862, 209999905.196916, 208334129.632486, 206613214.340346, 206081147.964975, 205902231.806732, 205155456.106457, 203808468.784445, 203757476.079306, 203684406.045292, 203132644.583385, 202956949.740797, 202707331.670275, 202601652.191092, 201769723.202932, 

320000000.000000, 312671755.725191, 310303030.303030, 310303030.303030, 307969924.812030, 305671641.791045, 305671641.791045, 305671641.791045, 301176470.588235, 301176470.588235, 301176470.588235, 298978102.189781, 298978102.189781, 298978102.189781, 298978102.189781, 296811594.202899, 296811594.202899, 296811594.202899, 296811594.202899, 296811594.202899, 296811594.202899, 296811594.202899, 292571428.571429, 290496453.900709, 288450704.225352, 288450704.225352, 288450704.225352, 288450704.225352, 286433566.433566, 286433566.433566, 284444444.444444, 282482758.620690, 280547945.205479, 280547945.205479, 278639455.782313, 278639455.782313, 278639455.782313, 278639455.782313, 276756756.756757, 274899328.859060, 273066666.666667, 271258278.145695, 267712418.300654, 264258064.516129, 262564102.564103, 262564102.564103, 259240506.329114, 257610062.893082, 257610062.893082, 257610062.893082, 256000000.000000, 254409937.888199, 252839506.172839, 252839506.172839, 251288343.558282, 251288343.558282, 249756097.560976, 249756097.560976, 249756097.560976, 246746987.951807, 242366863.905325, 242366863.905325, 239532163.742690, 238139534.883721, 238139534.883721, 228826815.642458, 227555555.555556, 226298342.541436, 225054945.054945, 225054945.054945, 221405405.405405, 220215053.763441, 216719576.719577, 212227979.274611, 211134020.618557, 210051282.051282, 208979591.836735, 205829145.728643, 205829145.728643, 204800000.000000, 203781094.527363, 203781094.527363, 203781094.527363, 202772277.227723, 202772277.227723, 202772277.227723, 202772277.227723, 201773399.014778, 201773399.014778, 200784313.725490, 


Size: 4096
587450387.590732, 587366271.839460, 586602545.429508, 585817562.492727, 580078509.420869, 579400280.399255, 578190398.630166, 571811268.347333, 567891298.774548, 566423181.468327, 564517738.684119, 563856729.396132, 563122815.313082, 559043996.840243, 557690001.132945, 556334164.651161, 552687641.907233, 552537372.255855, 552497406.018038, 547825704.160041, 546278792.183323, 541674137.218509, 533884012.282300, 532997622.691267, 529558517.314336, 528429133.398061, 525136919.564645, 520666135.450676, 515599087.565756, 515114691.273045, 512833306.709080, 510443797.685957, 509811759.344714, 508394796.515097, 507744541.174421, 503870797.506938, 499555002.277761, 498959740.689767, 498036468.286980, 497210336.940443, 495739283.979849, 495220601.879280, 494429159.737955, 493880177.386163, 489402033.065484, 488843653.312265, 488187542.287154, 487562163.649370, 486465721.896831, 485681760.377474, 484950215.862619, 484930044.593698, 484428426.466986, 482237988.770870, 482177105.304975, 478905860.504133, 478830289.012343, 476312866.220125, 475071696.656444, 471134043.861011, 461326008.043102, 457101161.574161, 452092332.183603, 442746200.878250, 433758283.073549, 428999370.575875, 420557993.123338, 412833660.103921, 412792116.552184, 411174597.988970, 410626566.416040, 410166557.726742, 409100727.662247, 407813553.424441, 402720684.752690, 400483230.310010, 400457165.997465, 400054325.054542, 399436814.772072, 396816463.700822, 396552910.616495, 396145129.907291, 394304654.151640, 394218340.953300, 393983451.788929, 392872410.992044, 388978664.372136, 380591182.433593, 373120062.525898, 369197209.249611, 

585142857.142857, 585142857.142857, 585142857.142857, 580992907.801418, 576901408.450704, 576901408.450704, 568888888.888889, 568888888.888889, 564965517.241379, 561095890.410959, 561095890.410959, 561095890.410959, 561095890.410959, 557278911.564626, 553513513.513514, 553513513.513514, 553513513.513514, 549798657.718121, 549798657.718121, 546133333.333333, 546133333.333333, 538947368.421053, 531948051.948052, 528516129.032258, 528516129.032258, 528516129.032258, 525128205.128205, 518481012.658228, 512000000.000000, 512000000.000000, 512000000.000000, 508819875.776398, 508819875.776398, 505679012.345679, 505679012.345679, 499512195.121951, 499512195.121951, 496484848.484848, 496484848.484848, 493493975.903614, 493493975.903614, 493493975.903614, 490538922.155689, 490538922.155689, 487619047.619048, 487619047.619048, 484733727.810651, 484733727.810651, 484733727.810651, 484733727.810651, 481882352.941176, 481882352.941176, 481882352.941176, 479064327.485380, 479064327.485380, 476279069.767442, 476279069.767442, 473526011.560694, 470804597.701149, 468114285.714286, 460224719.101124, 455111111.111111, 450109890.109890, 440430107.526882, 433439153.439153, 426666666.666667, 420102564.102564, 411658291.457286, 411658291.457286, 409600000.000000, 409600000.000000, 409600000.000000, 407562189.054726, 407562189.054726, 401568627.450980, 399609756.097561, 399609756.097561, 397669902.912621, 397669902.912621, 395748792.270531, 395748792.270531, 393846153.846154, 393846153.846154, 391961722.488038, 391961722.488038, 390095238.095238, 388246445.497630, 381023255.813953, 372363636.363636, 367354260.089686, 


Size: 16384
2153185793.611257, 2142885487.432374, 2141305982.773788, 2128901607.163881, 2128604972.408872, 2125169021.178615, 2102731080.571173, 2089920134.351664, 2082615589.647643, 2082385545.340027, 2081974528.878237, 2074234774.140385, 2071843633.158039, 2068342075.469496, 2065723664.577738, 2061575789.162640, 2059051027.379752, 2056398799.646300, 2046784154.198343, 2046755785.938189, 2045994864.500397, 2044488870.121809, 2041427080.429368, 2040439845.892738, 2037455752.059769, 2036486395.793016, 2033719214.649351, 2033513845.984367, 2029559269.855304, 2021502357.914814, 2013467981.638867, 2009107898.824303, 2007023577.885851, 1996756500.947621, 1991169919.188832, 1977994785.155553, 1976216881.712036, 1973210997.732932, 1972508158.985570, 1962864212.846557, 1946534033.990052, 1937162971.092756, 1935326629.214465, 1924364558.809477, 1920364806.727425, 1918502001.762504, 1914447961.522922, 1911259919.800342, 1910402780.502845, 1906157294.862252, 1903524169.830088, 1901608169.186987, 1895879183.659496, 1891072134.408442, 1884195537.711695, 1870137255.771053, 1866249457.636686, 1861082983.961083, 1860184329.088306, 1858338950.702084, 1839412249.507475, 1835620597.643237, 1807616723.857243, 1789678824.125861, 1788598628.140480, 1772586218.968874, 1757903641.803364, 1751887173.342666, 1749510755.172237, 1748130072.959866, 1745234284.363643, 1741608327.829669, 1735927134.088403, 1731879204.863079, 1731456163.834797, 1720622731.606717, 1710587553.911556, 1709910823.010404, 1702547768.742410, 1697735998.727723, 1685505644.053675, 1675076366.977403, 1664794128.809942, 1664472008.851669, 1663612590.217122, 1644008720.579640, 1643962966.398872, 1628579736.463374, 1627541696.668675, 1616796867.301916, 

2141699346.405229, 2127792207.792208, 2127792207.792208, 2114064516.129032, 2114064516.129032, 2114064516.129032, 2100512820.512820, 2087133757.961783, 2073924050.632911, 2073924050.632911, 2073924050.632911, 2060880503.144654, 2060880503.144654, 2048000000.000000, 2048000000.000000, 2048000000.000000, 2048000000.000000, 2048000000.000000, 2035279503.105590, 2035279503.105590, 2035279503.105590, 2035279503.105590, 2035279503.105590, 2035279503.105590, 2022716049.382716, 2022716049.382716, 2022716049.382716, 2022716049.382716, 2010306748.466258, 2010306748.466258, 1998048780.487805, 1985939393.939394, 1985939393.939394, 1985939393.939394, 1985939393.939394, 1973975903.614458, 1962155688.622755, 1962155688.622755, 1962155688.622755, 1962155688.622755, 1938934911.242604, 1927529411.764706, 1927529411.764706, 1916257309.941521, 1905116279.069767, 1905116279.069767, 1905116279.069767, 1905116279.069767, 1894104046.242775, 1894104046.242775, 1894104046.242775, 1894104046.242775, 1883218390.804598, 1883218390.804598, 1872457142.857143, 1861818181.818182, 1861818181.818182, 1851299435.028249, 1851299435.028249, 1851299435.028249, 1840898876.404495, 1830614525.139665, 1800439560.439560, 1780869565.217391, 1780869565.217391, 1761720430.107527, 1752299465.240642, 1752299465.240642, 1742978723.404255, 1742978723.404255, 1742978723.404255, 1733756613.756614, 1733756613.756614, 1724631578.947368, 1724631578.947368, 1715602094.240838, 1706666666.666667, 1706666666.666667, 1697823834.196891, 1689072164.948454, 1680410256.410256, 1671836734.693877, 1663350253.807106, 1654949494.949495, 1638400000.000000, 1638400000.000000, 1638400000.000000, 1622178217.821782, 1622178217.821782, 1606274509.803922, 


Size: 65536
6466739066.970281, 6388742562.031888, 6360811427.320255, 6308537578.674565, 6277396859.695889, 6273030365.246696, 6269290903.462610, 6236592438.002495, 6224751708.028172, 6214502804.619952, 6206754007.295704, 6185706047.849428, 6185511726.371859, 6164382185.457417, 6154619506.892324, 6126119643.168890, 6124277713.746585, 6071131408.054789, 6056358208.547149, 6052562435.105743, 6030677377.474294, 6017070465.958827, 6009632675.485078, 5996029159.737368, 5991477943.935977, 5990637384.406572, 5983709231.377025, 5965740679.021697, 5959390976.975837, 5958649556.067028, 5938153438.887493, 5929133328.203053, 5913818450.007175, 5904891738.252484, 5873285054.735998, 5870317997.439325, 5855575935.909277, 5843430823.131776, 5841254287.178761, 5825479672.712091, 5820734254.134573, 5819788009.307228, 5812181453.821506, 5807752678.815766, 5803112098.621507, 5796866651.292042, 5789282029.670139, 5782368100.761914, 5759515342.188826, 5754932808.531919, 5750170970.955380, 5743778247.397285, 5743713088.784631, 5734828150.308004, 5647935568.484780, 5633884950.181534, 5620358580.268254, 5619164526.296431, 5616831348.634061, 5607305059.914630, 5603749887.345901, 5546519101.148212, 5544193811.291475, 5527272908.745544, 5520041616.177979, 5485143195.856026, 5426165599.556622, 5387284732.778015, 5375738677.644083, 5311728168.959202, 5158152011.922504, 5144472929.799937, 5141196860.901983, 5115617659.497386, 5065939329.141480, 5042435720.870941, 5040427788.017385, 4991109533.868469, 4932586729.758881, 4932044463.988512, 4910444369.012075, 4902354887.434366, 4888708946.803610, 4883771108.725698, 4868208019.757509, 4860516937.542085, 4843485868.672472, 4811653362.006234, 4805162402.942600, 4803996540.871126, 

6456748768.472906, 6362718446.601941, 6362718446.601941, 6301538461.538462, 6271387559.808612, 6241523809.523809, 6241523809.523809, 6211943127.962085, 6211943127.962085, 6182641509.433963, 6182641509.433963, 6182641509.433963, 6182641509.433963, 6153615023.474178, 6153615023.474178, 6124859813.084112, 6096372093.023255, 6040184331.797235, 6040184331.797235, 6040184331.797235, 6012477064.220183, 5985022831.050228, 5985022831.050228, 5985022831.050228, 5985022831.050228, 5957818181.818182, 5957818181.818182, 5957818181.818182, 5930859728.506787, 5930859728.506787, 5930859728.506787, 5904144144.144144, 5904144144.144144, 5877668161.434978, 5877668161.434978, 5851428571.428572, 5851428571.428572, 5825422222.222221, 5825422222.222221, 5799646017.699115, 5799646017.699115, 5799646017.699115, 5799646017.699115, 5799646017.699115, 5799646017.699115, 5774096916.299560, 5774096916.299560, 5774096916.299560, 5748771929.824561, 5748771929.824561, 5748771929.824561, 5723668122.270742, 5723668122.270742, 5723668122.270742, 5649655172.413794, 5601367521.367522, 5601367521.367522, 5601367521.367522, 5601367521.367522, 5601367521.367522, 5577531914.893618, 5530464135.021097, 5530464135.021097, 5507226890.756303, 5507226890.756303, 5484184100.418410, 5416198347.107438, 5371803278.688525, 5306558704.453442, 5263935742.971888, 5160314960.629922, 5140078431.372549, 5140078431.372549, 5080310077.519380, 5060694980.694981, 5021915708.812260, 5021915708.812260, 4983726235.741445, 4927518796.992481, 4927518796.992481, 4909063670.411985, 4909063670.411985, 4890746268.656716, 4872565055.762082, 4872565055.762082, 4854518518.518518, 4836605166.051661, 4801172161.172161, 4801172161.172161, 4801172161.172161, 