Size: 4
24147.559172, 24180.288462, 24314.534024, 25020.155325, 25608.173077, 25714.866864, 25832.655325, 25907.544379, 25917.714497, 26226.886095, 26272.928994, 26705.621302, 26756.102071, 26958.579882, 27004.437870, 27175.480769, 27378.328402, 27675.850592, 27784.023669, 27845.968935, 27965.606509, 28340.051775, 28454.511834, 28620.931953, 28634.615385, 28702.662722, 28850.776627, 28867.603550, 28878.328402, 29021.634615, 29123.150888, 29530.510355, 29554.733728, 29621.116864, 29623.335799, 29626.849112, 29678.439349, 29784.578402, 29921.967456, 29970.784024, 29992.603550, 30107.433432, 30225.961538, 30398.113905, 30560.281065, 30712.278107, 30854.474852, 30887.943787, 30919.748521, 30936.945266, 30976.331361, 31060.650888, 31279.400888, 31297.337278, 31505.917160, 31506.286982, 31524.038462, 31534.578402, 31563.979290, 31661.057692, 31813.979290, 31849.112426, 31905.510355, 31923.446746, 32905.510355, 33183.801775, 33420.118343, 33742.973373, 34178.439349, 36260.539941, 37910.133136, 38294.193787, 38448.964497, 38780.325444, 38862.426036, 40498.705621, 41030.880178, 41289.201183, 41865.939349, 44073.039941, 44708.949704, 45081.176036, 45746.856509, 46264.423077, 47366.309172, 49128.883136, 52832.100592, 54667.714497, 55125.369822, 56702.107988, 

24500.000000, 25000.000000, 25000.000000, 25500.000000, 26000.000000, 26500.000000, 26500.000000, 26500.000000, 26500.000000, 27000.000000, 27500.000000, 27500.000000, 27500.000000, 27500.000000, 27500.000000, 28000.000000, 28000.000000, 28500.000000, 28500.000000, 28500.000000, 29000.000000, 29000.000000, 29000.000000, 29000.000000, 29000.000000, 29000.000000, 29500.000000, 29500.000000, 29500.000000, 29500.000000, 30000.000000, 30000.000000, 30000.000000, 30500.000000, 30500.000000, 30500.000000, 30500.000000, 30500.000000, 30500.000000, 30500.000000, 30500.000000, 30500.000000, 30500.000000, 31000.000000, 31000.000000, 31000.000000, 31500.000000, 31500.000000, 31500.000000, 31500.000000, 31500.000000, 31500.000000, 32000.000000, 32000.000000, 32000.000000, 32000.000000, 32000.000000, 32000.000000, 32000.000000, 32000.000000, 32500.000000, 32500.000000, 32500.000000, 32500.000000, 33500.000000, 34000.000000, 34000.000000, 34500.000000, 34500.000000, 36500.000000, 38500.000000, 39000.000000, 39500.000000, 39500.000000, 40000.000000, 41500.000000, 42000.000000, 42000.000000, 42000.000000, 44500.000000, 45000.000000, 46000.000000, 46000.000000, 46500.000000, 48000.000000, 50000.000000, 53500.000000, 55500.000000, 56000.000000, 57000.000000, 


Size: 16
30441.383136, 30782.359467, 31194.341716, 31602.071006, 31719.859467, 31765.532544, 31981.139053, 31985.576923, 32339.497041, 32358.357988, 32417.899408, 32624.260355, 32627.218935, 32746.856509, 32946.560651, 33029.585799, 33239.829882, 33262.943787, 33279.770710, 33291.974852, 33297.152367, 33343.934911, 33365.384615, 33508.505917, 33526.257396, 33569.896450, 33593.934911, 33606.323964, 33624.445266, 33625.924556, 33673.446746, 33710.244083, 33926.775148, 34029.770710, 34046.597633, 34049.926036, 34078.587278, 34123.335799, 34192.307692, 34251.294379, 34358.727811, 34369.267751, 34448.039941, 34507.026627, 34513.868343, 34753.143491, 34767.011834, 34780.880178, 34809.911243, 34840.051775, 34843.195266, 34853.550296, 34977.810651, 35045.303254, 35087.832840, 35098.187870, 35268.860947, 35300.665680, 35314.718935, 35434.171598, 35473.557692, 35474.112426, 35503.698225, 35597.448225, 35666.605030, 35670.303254, 35691.383136, 35713.387574, 35803.994083, 35930.843195, 36328.032544, 36696.375740, 36906.250000, 36950.258876, 36961.723373, 38460.428994, 38605.399408, 38857.248521, 39024.223373, 39190.088757, 39521.634615, 39705.621302, 40374.630178, 45013.313609, 45474.852071, 45927.144970, 46949.149408, 47128.883136, 47276.072485, 48368.158284, 

31000.000000, 31000.000000, 31500.000000, 32000.000000, 32500.000000, 32500.000000, 32500.000000, 32500.000000, 33000.000000, 33000.000000, 33000.000000, 33000.000000, 33000.000000, 33500.000000, 33500.000000, 33500.000000, 33500.000000, 33500.000000, 34000.000000, 34000.000000, 34000.000000, 34000.000000, 34000.000000, 34000.000000, 34000.000000, 34000.000000, 34000.000000, 34000.000000, 34500.000000, 34500.000000, 34500.000000, 34500.000000, 34500.000000, 34500.000000, 34500.000000, 34500.000000, 34500.000000, 34500.000000, 35000.000000, 35000.000000, 35000.000000, 35000.000000, 35000.000000, 35000.000000, 35500.000000, 35500.000000, 35500.000000, 35500.000000, 35500.000000, 35500.000000, 35500.000000, 35500.000000, 35500.000000, 35500.000000, 35500.000000, 35500.000000, 35500.000000, 36000.000000, 36000.000000, 36000.000000, 36000.000000, 36000.000000, 36000.000000, 36000.000000, 36000.000000, 36000.000000, 36000.000000, 36500.000000, 36500.000000, 36500.000000, 37000.000000, 37000.000000, 37500.000000, 37500.000000, 37500.000000, 39000.000000, 39000.000000, 39500.000000, 39500.000000, 39500.000000, 40000.000000, 40000.000000, 41000.000000, 45500.000000, 46000.000000, 47500.000000, 47500.000000, 47500.000000, 48000.000000, 49000.000000, 


Size: 64
37006.841716, 37261.279586, 37765.347633, 38234.097633, 38750.739645, 38777.736686, 39128.513314, 39131.102071, 39549.001479, 39708.210059, 39893.676036, 39969.119822, 40050.850592, 40083.579882, 40210.059172, 40518.306213, 40564.718935, 40733.912722, 40961.908284, 41002.588757, 41025.332840, 41498.890533, 41735.022189, 41777.181953, 41948.594675, 42229.105030, 42500.000000, 42630.917160, 42690.643491, 42757.211538, 42767.936391, 42778.661243, 42894.785503, 42907.914201, 42926.775148, 42959.319527, 42963.942308, 43111.501479, 43158.099112, 43220.599112, 43232.803254, 43503.698225, 43577.477811, 43882.396450, 43911.427515, 43928.994083, 43958.210059, 44012.758876, 44025.332840, 44087.278107, 44192.492604, 44245.377219, 44447.670118, 44550.295858, 44982.618343, 45037.536982, 45224.482249, 45244.082840, 45461.723373, 45550.665680, 45556.213018, 46007.211538, 46081.730769, 46258.136095, 46268.491124, 46363.720414, 46484.652367, 46571.190828, 46581.176036, 46636.834320, 46984.837278, 47281.989645, 47381.286982, 47533.838757, 47912.536982, 48015.902367, 48021.079882, 48735.207101, 49016.642012, 49149.038462, 49234.097633, 49692.122781, 52644.415680, 54036.982249, 56017.196746, 56442.862426, 56740.384615, 57814.534024, 58539.016272, 60983.912722, 

38000.000000, 38000.000000, 38500.000000, 39000.000000, 39000.000000, 39500.000000, 40000.000000, 40000.000000, 40000.000000, 40000.000000, 40500.000000, 40500.000000, 40500.000000, 40500.000000, 41000.000000, 41000.000000, 41000.000000, 41000.000000, 41500.000000, 41500.000000, 41500.000000, 42000.000000, 42000.000000, 42500.000000, 42500.000000, 43000.000000, 43000.000000, 43000.000000, 43500.000000, 43500.000000, 43500.000000, 43500.000000, 43500.000000, 43500.000000, 43500.000000, 43500.000000, 43500.000000, 43500.000000, 43500.000000, 44000.000000, 44000.000000, 44000.000000, 44000.000000, 44500.000000, 44500.000000, 44500.000000, 44500.000000, 44500.000000, 44500.000000, 45000.000000, 45000.000000, 45000.000000, 45500.000000, 45500.000000, 45500.000000, 45500.000000, 46000.000000, 46000.000000, 46000.000000, 46500.000000, 46500.000000, 46500.000000, 46500.000000, 46500.000000, 47000.000000, 47000.000000, 47000.000000, 47000.000000, 47000.000000, 47000.000000, 47500.000000, 48000.000000, 48000.000000, 48000.000000, 48500.000000, 48500.000000, 48500.000000, 49000.000000, 49500.000000, 50000.000000, 50000.000000, 50500.000000, 53000.000000, 54500.000000, 56000.000000, 57000.000000, 57500.000000, 58000.000000, 59000.000000, 61500.000000, 


Size: 256
43067.122781, 44062.315089, 45235.392012, 45444.341716, 45597.263314, 45670.118343, 46313.424556, 46715.976331, 47205.436391, 47547.707101, 47645.525148, 50771.264793, 51264.792899, 51776.257396, 53020.710059, 53053.439349, 53359.097633, 53532.174556, 53579.881657, 53758.136095, 54132.026627, 54238.535503, 54303.439349, 54369.452663, 54544.378698, 54602.625740, 54828.772189, 55068.786982, 55083.949704, 55096.153846, 55264.053254, 55313.424556, 55379.437870, 55506.656805, 55557.137574, 55666.789941, 55702.662722, 55770.894970, 55997.041420, 56047.707101, 56090.236686, 56362.241124, 56379.437870, 56472.448225, 56489.275148, 56493.528107, 57030.880178, 57445.821006, 57690.643491, 57855.214497, 58189.164201, 58300.295858, 58450.443787, 58686.575444, 59056.213018, 59420.303254, 59433.986686, 59608.542899, 59756.841716, 60046.597633, 60226.331361, 60385.724852, 60538.646450, 60547.152367, 61918.084320, 62213.387574, 62370.007396, 63964.866864, 64181.397929, 64397.189349, 64825.443787, 64978.365385, 65825.073964, 66299.371302, 66714.681953, 67200.813609, 67546.782544, 67769.045858, 68602.255917, 68625.554734, 70112.241124, 70737.056213, 70905.510355, 71586.908284, 72026.812130, 72351.886095, 72469.304734, 74390.532544, 76861.501479, 76910.687870, 

43500.000000, 45500.000000, 46000.000000, 46000.000000, 46000.000000, 46000.000000, 47000.000000, 47500.000000, 48000.000000, 48000.000000, 48500.000000, 51500.000000, 51500.000000, 53000.000000, 53000.000000, 53000.000000, 54000.000000, 54000.000000, 54000.000000, 54000.000000, 54500.000000, 54500.000000, 54500.000000, 54500.000000, 55000.000000, 55000.000000, 55500.000000, 55500.000000, 55500.000000, 55500.000000, 55500.000000, 55500.000000, 56000.000000, 56000.000000, 56000.000000, 56000.000000, 56000.000000, 56500.000000, 56500.000000, 56500.000000, 56500.000000, 56500.000000, 57000.000000, 57000.000000, 57000.000000, 57000.000000, 57500.000000, 58000.000000, 58000.000000, 58000.000000, 58500.000000, 59000.000000, 59000.000000, 59000.000000, 59500.000000, 60000.000000, 60000.000000, 60000.000000, 60000.000000, 60500.000000, 60500.000000, 61000.000000, 61000.000000, 61000.000000, 62000.000000, 62500.000000, 63000.000000, 64000.000000, 64500.000000, 65000.000000, 65500.000000, 65500.000000, 66500.000000, 66500.000000, 67000.000000, 67500.000000, 68000.000000, 68500.000000, 69000.000000, 69500.000000, 70500.000000, 71000.000000, 71000.000000, 71500.000000, 72500.000000, 72500.000000, 73000.000000, 75000.000000, 77000.000000, 77500.000000, 


Size: 512
49774.593195, 49878.883136, 50492.788462, 50944.526627, 51044.933432, 51135.170118, 51152.551775, 51444.526627, 51445.266272, 51488.905325, 51509.060651, 51627.034024, 51640.902367, 51731.139053, 51786.612426, 51788.276627, 51888.868343, 51907.174556, 51969.119822, 52160.687870, 52181.952663, 52236.686391, 52357.988166, 52389.238166, 52583.949704, 52585.983728, 52618.343195, 52643.491124, 52790.495562, 52809.171598, 52847.633136, 52857.618343, 52953.032544, 53014.977811, 53026.997041, 53038.831361, 53085.983728, 53325.073964, 53343.010355, 53347.078402, 53414.386095, 53505.732249, 53574.704142, 53582.100592, 53592.270710, 53621.671598, 53662.721893, 53836.168639, 53892.566568, 54004.252959, 54038.091716, 54122.411243, 54158.653846, 54202.662722, 54260.170118, 54487.241124, 54700.073964, 54745.931953, 54937.684911, 55224.297337, 55246.301775, 56485.392012, 57660.318047, 57783.468935, 58201.923077, 58477.810651, 58569.341716, 58630.177515, 59315.273669, 61185.835799, 61981.508876, 62191.568047, 63202.847633, 65707.470414, 65880.732249, 65985.946746, 66147.559172, 66175.850592, 66780.325444, 67167.714497, 68146.819527, 68498.150888, 69012.389053, 72449.149408, 73181.397929, 77218.565089, 78844.489645, 79251.664201, 79884.430473, 82646.634615, 

50000.000000, 50000.000000, 50500.000000, 51500.000000, 51500.000000, 51500.000000, 51500.000000, 51500.000000, 51500.000000, 52000.000000, 52000.000000, 52000.000000, 52500.000000, 52500.000000, 52500.000000, 52500.000000, 52500.000000, 52500.000000, 53000.000000, 53000.000000, 53000.000000, 53000.000000, 53000.000000, 53000.000000, 53000.000000, 53000.000000, 53000.000000, 53000.000000, 53000.000000, 53500.000000, 53500.000000, 53500.000000, 53500.000000, 53500.000000, 53500.000000, 53500.000000, 53500.000000, 53500.000000, 53500.000000, 54000.000000, 54000.000000, 54000.000000, 54000.000000, 54000.000000, 54000.000000, 54000.000000, 54000.000000, 54500.000000, 54500.000000, 54500.000000, 54500.000000, 54500.000000, 54500.000000, 54500.000000, 54500.000000, 55000.000000, 55000.000000, 55500.000000, 55500.000000, 55500.000000, 55500.000000, 57000.000000, 58000.000000, 58500.000000, 58500.000000, 58500.000000, 59000.000000, 59000.000000, 59500.000000, 61500.000000, 63500.000000, 63500.000000, 63500.000000, 66000.000000, 66500.000000, 66500.000000, 66500.000000, 67000.000000, 67500.000000, 67500.000000, 68500.000000, 69000.000000, 69500.000000, 72500.000000, 73500.000000, 77500.000000, 79500.000000, 79500.000000, 80500.000000, 83000.000000, 


Size: 1024
55077.662722, 55102.810651, 55187.315089, 55345.599112, 55638.128698, 56089.866864, 56344.119822, 56737.426036, 56798.816568, 56802.144970, 56831.730769, 57284.763314, 57338.942308, 57385.539941, 57405.510355, 57691.013314, 57814.164201, 57962.278107, 58140.162722, 58292.899408, 58297.337278, 58393.676036, 58501.294379, 58548.816568, 58573.779586, 58643.860947, 58800.295858, 59039.571006, 59219.674556, 59478.920118, 59720.044379, 59734.652367, 59976.331361, 60082.100592, 60348.187870, 60382.766272, 60475.591716, 60502.958580, 60589.127219, 60592.455621, 60811.020710, 60931.952663, 61194.896450, 61218.565089, 61663.646450, 62121.486686, 62173.076923, 62676.405325, 62776.627219, 62963.572485, 63129.807692, 63262.204142, 65238.720414, 65321.745562, 65979.105030, 66628.698225, 67667.714497, 67829.881657, 69373.890533, 70367.973373, 70767.936391, 70813.424556, 70849.297337, 70868.713018, 70896.264793, 71930.103550, 72276.812130, 72927.329882, 73623.520710, 73649.593195, 74080.066568, 75595.414201, 75688.979290, 76702.477811, 77442.677515, 79478.920118, 79668.454142, 81160.502959, 81418.639053, 84519.785503, 86838.387574, 87397.004438, 87400.332840, 88158.468935, 88913.276627, 89384.245562, 89590.051775, 89674.741124, 89951.738166, 90321.005917, 

55500.000000, 55500.000000, 56000.000000, 56500.000000, 57000.000000, 57000.000000, 57000.000000, 57000.000000, 57500.000000, 57500.000000, 57500.000000, 57500.000000, 57500.000000, 58000.000000, 58000.000000, 58000.000000, 58500.000000, 58500.000000, 58500.000000, 58500.000000, 58500.000000, 59000.000000, 59000.000000, 59000.000000, 59000.000000, 59500.000000, 59500.000000, 60000.000000, 60000.000000, 60000.000000, 60000.000000, 60500.000000, 60500.000000, 61000.000000, 61000.000000, 61000.000000, 61000.000000, 61000.000000, 61000.000000, 61000.000000, 61500.000000, 61500.000000, 61500.000000, 62000.000000, 62000.000000, 62500.000000, 63000.000000, 63500.000000, 63500.000000, 63500.000000, 63500.000000, 64000.000000, 65500.000000, 65500.000000, 67000.000000, 67500.000000, 68000.000000, 68500.000000, 70000.000000, 71000.000000, 71500.000000, 71500.000000, 71500.000000, 71500.000000, 71500.000000, 72000.000000, 72500.000000, 73000.000000, 74500.000000, 74500.000000, 75000.000000, 76000.000000, 76500.000000, 77500.000000, 78000.000000, 80000.000000, 80500.000000, 82000.000000, 82000.000000, 85000.000000, 87500.000000, 87500.000000, 88000.000000, 88500.000000, 89500.000000, 90000.000000, 90000.000000, 90500.000000, 90500.000000, 90500.000000, 


Size: 2048
60480.029586, 60970.784024, 61212.647929, 61268.676036, 61483.542899, 61655.510355, 61658.838757, 61693.602071, 61771.079882, 61782.544379, 61876.664201, 62002.773669, 62018.121302, 62294.933432, 62401.997041, 62485.761834, 62508.690828, 62593.195266, 62881.286982, 62908.099112, 62923.076923, 63187.500000, 63305.103550, 63350.961538, 63395.710059, 63421.042899, 63557.137574, 63693.786982, 63748.335799, 63754.622781, 63836.723373, 64090.421598, 64124.445266, 64265.902367, 64346.523669, 64372.596154, 64458.764793, 64559.356509, 64793.084320, 64861.871302, 64866.863905, 64885.539941, 64897.189349, 64954.326923, 64975.591716, 65084.874260, 65286.612426, 65560.650888, 65600.036982, 65627.773669, 65653.106509, 65865.014793, 66113.905325, 66179.918639, 66510.909763, 66651.442308, 66915.125740, 66953.032544, 66982.063609, 67289.201183, 67300.110947, 67839.127219, 69024.223373, 70946.930473, 72308.431953, 74661.427515, 74945.451183, 75059.356509, 75339.681953, 76401.257396, 77140.717456, 77208.025148, 77489.644970, 78985.946746, 80054.178994, 80420.303254, 80869.267751, 81576.183432, 86011.834320, 87086.723373, 88081.176036, 89707.285503, 90401.627219, 90718.934911, 91455.066568, 92781.989645, 93701.553254, 93718.010355, 94138.868343, 94477.440828, 

61000.000000, 61500.000000, 62000.000000, 62000.000000, 62000.000000, 62000.000000, 62500.000000, 62500.000000, 62500.000000, 62500.000000, 62500.000000, 62500.000000, 63000.000000, 63000.000000, 63000.000000, 63000.000000, 63000.000000, 63000.000000, 63500.000000, 63500.000000, 63500.000000, 63500.000000, 64000.000000, 64000.000000, 64000.000000, 64000.000000, 64000.000000, 64500.000000, 64500.000000, 64500.000000, 64500.000000, 64500.000000, 64500.000000, 64500.000000, 64500.000000, 65000.000000, 65000.000000, 65000.000000, 65000.000000, 65000.000000, 65500.000000, 65500.000000, 65500.000000, 65500.000000, 65500.000000, 65500.000000, 66000.000000, 66000.000000, 66000.000000, 66000.000000, 66000.000000, 66500.000000, 67000.000000, 67000.000000, 67000.000000, 67500.000000, 67500.000000, 67500.000000, 67500.000000, 68000.000000, 68000.000000, 68000.000000, 69500.000000, 71500.000000, 73000.000000, 75500.000000, 75500.000000, 75500.000000, 76000.000000, 77000.000000, 77500.000000, 78000.000000, 78000.000000, 79500.000000, 80500.000000, 81000.000000, 81500.000000, 82000.000000, 86500.000000, 87500.000000, 88500.000000, 90500.000000, 91000.000000, 91000.000000, 91500.000000, 93500.000000, 94000.000000, 94000.000000, 94500.000000, 95000.000000, 


Size: 4096
67804.548817, 68553.439349, 68946.005917, 68957.470414, 69200.443787, 69212.463018, 69334.319527, 69391.826923, 69805.473373, 69817.492604, 69841.900888, 70045.857988, 70289.940828, 70460.059172, 71073.039941, 71159.393491, 71208.210059, 71273.853550, 71370.377219, 71379.622781, 71592.085799, 71748.150888, 71759.615385, 71763.683432, 71788.831361, 72047.707101, 72178.624260, 72233.542899, 72610.022189, 72987.610947, 72987.980769, 73129.068047, 73621.486686, 74731.508876, 75379.068047, 75714.497041, 77273.483728, 78412.167160, 79383.136095, 80758.690828, 80841.531065, 81468.010355, 83016.826923, 83419.008876, 83855.954142, 84455.251479, 84951.368343, 85069.711538, 85097.818047, 85669.378698, 87359.652367, 88331.176036, 88408.468935, 89098.742604, 89125.369822, 89281.434911, 90110.761834, 90279.031065, 90324.334320, 90537.536982, 90615.569527, 91060.650888, 91408.838757, 92536.242604, 95435.281065, 95917.529586, 96803.069527, 98239.275148, 98973.557692, 99171.967456, 99415.310651, 99592.825444, 99599.112426, 99747.965976, 99772.004438, 100664.016272, 101003.328402, 101502.958580, 101708.025148, 102418.084320, 102801.035503, 102926.775148, 102953.957101, 103313.054734, 103333.764793, 103431.582840, 103438.979290, 103442.122781, 104505.177515, 105244.082840, 

68500.000000, 69000.000000, 69500.000000, 69500.000000, 69500.000000, 69500.000000, 70000.000000, 70000.000000, 70000.000000, 70500.000000, 70500.000000, 70500.000000, 71000.000000, 71000.000000, 71500.000000, 72000.000000, 72000.000000, 72000.000000, 72000.000000, 72000.000000, 72000.000000, 72500.000000, 72500.000000, 72500.000000, 72500.000000, 73000.000000, 73000.000000, 73000.000000, 73000.000000, 73500.000000, 73500.000000, 74000.000000, 74000.000000, 75500.000000, 76000.000000, 76000.000000, 77500.000000, 79000.000000, 80000.000000, 81500.000000, 82000.000000, 82000.000000, 83500.000000, 84000.000000, 84500.000000, 85000.000000, 85500.000000, 85500.000000, 85500.000000, 86000.000000, 88000.000000, 88500.000000, 89000.000000, 89500.000000, 89500.000000, 90000.000000, 90500.000000, 90500.000000, 90500.000000, 91000.000000, 91000.000000, 91500.000000, 91500.000000, 93000.000000, 96000.000000, 96500.000000, 97000.000000, 98500.000000, 99500.000000, 100000.000000, 100000.000000, 100000.000000, 100500.000000, 100500.000000, 100500.000000, 101000.000000, 101500.000000, 102000.000000, 102000.000000, 103000.000000, 103000.000000, 103500.000000, 103500.000000, 103500.000000, 104000.000000, 104000.000000, 104000.000000, 104500.000000, 105500.000000, 105500.000000, 


Size: 16384
82991.678994, 83764.238166, 84013.868343, 84843.010355, 84896.634615, 85229.474852, 85439.164201, 85552.884615, 85589.497041, 85633.875740, 85718.195266, 86197.300296, 86323.409763, 86324.889053, 86346.338757, 86532.359467, 86633.690828, 86757.396450, 86831.915680, 86846.708580, 86986.871302, 87098.742604, 87301.775148, 87320.821006, 87449.704142, 87515.162722, 87764.607988, 87995.007396, 87995.007396, 88229.289941, 88234.652367, 88405.140533, 88428.254438, 88460.428994, 88724.667160, 88754.068047, 88838.757396, 89106.323964, 89484.282544, 89779.400888, 89922.337278, 90084.504438, 90385.724852, 90568.971893, 90608.357988, 91026.812130, 91029.400888, 91474.112426, 92080.066568, 93516.272189, 94136.834320, 94288.276627, 94349.667160, 94376.849112, 94731.878698, 94827.107988, 95083.579882, 95092.270710, 95766.826923, 95806.952663, 98100.036982, 98230.399408, 98393.306213, 98397.744083, 98497.411243, 98524.963018, 99477.440828, 100247.781065, 100286.242604, 101089.127219, 101449.149408, 101757.026627, 101980.769231, 102299.186391, 102751.294379, 102866.678994, 103286.057692, 103582.655325, 103799.186391, 103834.874260, 104127.773669, 104303.624260, 106196.375740, 107290.125740, 107554.178994, 110088.757396, 111219.304734, 111675.110947, 112608.912722, 115522.744083, 

83500.000000, 84500.000000, 84500.000000, 85000.000000, 85000.000000, 85500.000000, 85500.000000, 86000.000000, 86000.000000, 86000.000000, 86000.000000, 86500.000000, 86500.000000, 87000.000000, 87000.000000, 87000.000000, 87000.000000, 87000.000000, 87000.000000, 87000.000000, 87500.000000, 87500.000000, 88000.000000, 88000.000000, 88000.000000, 88000.000000, 88000.000000, 88000.000000, 88500.000000, 88500.000000, 88500.000000, 89000.000000, 89000.000000, 89000.000000, 89000.000000, 89000.000000, 89000.000000, 89500.000000, 89500.000000, 90500.000000, 90500.000000, 90500.000000, 90500.000000, 91000.000000, 91000.000000, 91500.000000, 92000.000000, 92500.000000, 93500.000000, 94000.000000, 94500.000000, 94500.000000, 94500.000000, 95000.000000, 95000.000000, 95000.000000, 95500.000000, 96000.000000, 96000.000000, 96500.000000, 98500.000000, 99000.000000, 99000.000000, 99000.000000, 99000.000000, 99000.000000, 100000.000000, 100500.000000, 101500.000000, 101500.000000, 102000.000000, 102000.000000, 102000.000000, 102500.000000, 103000.000000, 103500.000000, 103500.000000, 104000.000000, 104000.000000, 104000.000000, 104000.000000, 104500.000000, 106500.000000, 107500.000000, 107500.000000, 110500.000000, 111500.000000, 112000.000000, 113000.000000, 115500.000000, 


Size: 65536
103734.652367, 104769.970414, 105122.226331, 105509.615385, 105556.952663, 106011.279586, 106075.998521, 106080.066568, 106419.563609, 107346.893491, 107406.250000, 107479.659763, 107612.056213, 107638.868343, 108162.721893, 108224.482249, 108228.180473, 108261.834320, 108306.028107, 108476.886095, 108552.329882, 108740.014793, 108936.205621, 108961.908284, 109280.325444, 109409.763314, 109421.782544, 109586.353550, 109911.612426, 110032.544379, 110157.174556, 110266.457101, 110799.001479, 111418.269231, 111572.485207, 112049.001479, 112171.597633, 112765.717456, 112769.785503, 112785.872781, 113285.133136, 113821.190828, 114023.483728, 114250.369822, 114365.014793, 114367.418639, 114718.565089, 114854.105030, 115653.661243, 116610.022189, 116674.926036, 116707.100592, 116721.153846, 116754.622781, 116764.607988, 116819.526627, 116843.565089, 117023.668639, 117294.378698, 117457.285503, 117543.454142, 117754.068047, 121253.143491, 121344.674556, 121984.097633, 122017.751479, 122502.403846, 122965.051775, 124101.516272, 125685.096154, 125789.940828, 127321.005917, 128670.118343, 130471.153846, 130536.612426, 130669.008876, 130848.372781, 131841.531065, 135100.221893, 135389.238166, 137715.051775, 139260.909763, 139582.470414, 139859.097633, 139887.758876, 140227.995562, 141060.281065, 141302.884615, 143613.535503, 143823.409763, 

104000.000000, 105000.000000, 105500.000000, 105500.000000, 106000.000000, 106000.000000, 106500.000000, 106500.000000, 107000.000000, 107500.000000, 107500.000000, 108000.000000, 108000.000000, 108000.000000, 108500.000000, 108500.000000, 108500.000000, 108500.000000, 108500.000000, 108500.000000, 109000.000000, 109000.000000, 109000.000000, 109500.000000, 109500.000000, 109500.000000, 110000.000000, 110000.000000, 110500.000000, 110500.000000, 110500.000000, 110500.000000, 111000.000000, 111500.000000, 112000.000000, 112000.000000, 112500.000000, 113000.000000, 113000.000000, 113000.000000, 113500.000000, 114000.000000, 114500.000000, 114500.000000, 115000.000000, 115000.000000, 115000.000000, 115000.000000, 116000.000000, 117000.000000, 117000.000000, 117000.000000, 117000.000000, 117000.000000, 117500.000000, 117500.000000, 117500.000000, 117500.000000, 117500.000000, 117500.000000, 117500.000000, 118000.000000, 121500.000000, 122000.000000, 122000.000000, 122500.000000, 123000.000000, 123000.000000, 124500.000000, 126000.000000, 126000.000000, 127500.000000, 129500.000000, 130500.000000, 131000.000000, 131500.000000, 132000.000000, 135500.000000, 135500.000000, 138000.000000, 139500.000000, 140000.000000, 140000.000000, 140000.000000, 140500.000000, 140500.000000, 141500.000000, 141500.000000, 144000.000000, 144000.000000, 