
Size: 4
76623.890533, 76788.461538, 77304.733728, 77449.704142, 77548.446746, 77724.852071, 78042.159763, 78335.059172, 78521.819527, 79140.532544, 79919.378698, 80041.420118, 80061.390533, 81028.476331, 82395.710059, 82426.775148, 82634.985207, 82833.579882, 83599.112426, 83803.624260, 83876.109467, 84971.523669, 85582.470414, 86000.739645, 86972.263314, 87139.423077, 87195.266272, 87881.286982, 88220.044379, 88481.139053, 89417.899408, 89522.928994, 89759.985207, 89963.017751, 90642.381657, 90923.816568, 91047.707101, 91147.928994, 91155.695266, 91511.834320, 92187.130178, 92411.982249, 93260.355030, 93407.174556, 93443.047337, 93517.751479, 93525.147929, 93610.207101, 93892.381657, 94100.591716, 94164.940828, 94622.411243, 94931.952663, 95606.508876, 95939.349112, 96027.366864, 96338.017751, 96606.878698, 97048.076923, 98305.103550, 98327.292899, 98860.207101, 99375.000000, 100084.689349, 100847.263314, 101014.053254, 103088.757396, 107660.502959, 108004.437870, 109159.023669, 114544.748521, 125985.576923, 126105.399408, 129251.109467, 130297.337278, 131842.825444, 133898.668639, 137007.396450, 137658.284024, 145005.917160, 147035.502959, 153691.568047, 158939.718935, 164497.041420, 350332.470414, 369773.668639, 393323.964497, 431636.834320, 452864.275148, 466572.115385, 

77000.000000, 77000.000000, 77000.000000, 78000.000000, 78000.000000, 78000.000000, 78000.000000, 79000.000000, 79000.000000, 80000.000000, 80000.000000, 80000.000000, 81000.000000, 81000.000000, 82000.000000, 83000.000000, 83000.000000, 83000.000000, 83000.000000, 84000.000000, 84000.000000, 85000.000000, 86000.000000, 86000.000000, 87000.000000, 87000.000000, 87000.000000, 88000.000000, 88000.000000, 89000.000000, 89000.000000, 90000.000000, 90000.000000, 90000.000000, 91000.000000, 91000.000000, 91000.000000, 91000.000000, 92000.000000, 92000.000000, 92000.000000, 93000.000000, 93000.000000, 93000.000000, 94000.000000, 94000.000000, 94000.000000, 94000.000000, 94000.000000, 94000.000000, 95000.000000, 95000.000000, 95000.000000, 96000.000000, 96000.000000, 97000.000000, 97000.000000, 97000.000000, 97000.000000, 98000.000000, 99000.000000, 99000.000000, 99000.000000, 100000.000000, 101000.000000, 101000.000000, 103000.000000, 108000.000000, 109000.000000, 110000.000000, 115000.000000, 126000.000000, 126000.000000, 130000.000000, 130000.000000, 132000.000000, 134000.000000, 137000.000000, 137000.000000, 146000.000000, 147000.000000, 154000.000000, 159000.000000, 165000.000000, 352000.000000, 370000.000000, 395000.000000, 433000.000000, 454000.000000, 470000.000000, 


Size: 16
105582.840237, 106209.689349, 106266.642012, 106778.476331, 108293.269231, 108528.476331, 109723.372781, 110722.263314, 111249.260355, 111958.949704, 111980.769231, 112356.878698, 112666.420118, 112874.630178, 113156.065089, 113523.668639, 113905.695266, 114612.056213, 114989.275148, 115025.517751, 115523.668639, 115889.792899, 115961.168639, 116451.183432, 116877.588757, 117150.517751, 117502.218935, 118629.807692, 119055.843195, 119276.257396, 119314.718935, 119401.257396, 120091.346154, 120237.056213, 120456.730769, 120563.239645, 120843.195266, 121010.355030, 121079.142012, 121767.751479, 121818.417160, 121825.813609, 121874.260355, 121950.443787, 122362.426036, 122629.437870, 122865.384615, 124230.399408, 124362.426036, 124514.423077, 124731.508876, 124854.289941, 124908.653846, 125339.866864, 125478.180473, 125603.550296, 125710.798817, 127140.162722, 128009.985207, 128354.289941, 128389.423077, 128703.402367, 128831.730769, 128873.520710, 129383.875740, 129514.423077, 129789.940828, 130552.514793, 130574.334320, 130870.931953, 130935.650888, 131373.520710, 131484.467456, 132570.636095, 132585.428994, 133028.476331, 133598.742604, 134007.026627, 134126.849112, 134477.810651, 134773.298817, 135181.582840, 136078.032544, 138207.100592, 139646.079882, 139826.183432, 140759.615385, 149963.017751, 151176.035503, 152788.461538, 

106000.000000, 106000.000000, 107000.000000, 107000.000000, 108000.000000, 109000.000000, 110000.000000, 111000.000000, 111000.000000, 112000.000000, 112000.000000, 113000.000000, 113000.000000, 113000.000000, 113000.000000, 114000.000000, 114000.000000, 115000.000000, 115000.000000, 116000.000000, 116000.000000, 116000.000000, 116000.000000, 117000.000000, 117000.000000, 117000.000000, 117000.000000, 118000.000000, 119000.000000, 119000.000000, 120000.000000, 120000.000000, 120000.000000, 120000.000000, 121000.000000, 121000.000000, 121000.000000, 121000.000000, 121000.000000, 121000.000000, 122000.000000, 122000.000000, 122000.000000, 123000.000000, 123000.000000, 123000.000000, 123000.000000, 124000.000000, 124000.000000, 125000.000000, 125000.000000, 125000.000000, 125000.000000, 125000.000000, 125000.000000, 125000.000000, 126000.000000, 127000.000000, 128000.000000, 128000.000000, 129000.000000, 129000.000000, 129000.000000, 129000.000000, 129000.000000, 130000.000000, 130000.000000, 131000.000000, 131000.000000, 131000.000000, 131000.000000, 131000.000000, 132000.000000, 133000.000000, 133000.000000, 133000.000000, 133000.000000, 134000.000000, 134000.000000, 134000.000000, 135000.000000, 135000.000000, 136000.000000, 139000.000000, 140000.000000, 140000.000000, 141000.000000, 150000.000000, 151000.000000, 152000.000000, 


Size: 64
139068.417160, 139797.707101, 140915.680473, 141137.204142, 141149.038462, 141164.201183, 141523.298817, 143528.106509, 143601.701183, 143669.378698, 143875.369822, 144197.485207, 144236.686391, 144637.204142, 146517.011834, 146622.411243, 146852.071006, 147414.571006, 147685.650888, 148524.038462, 148645.340237, 148896.819527, 148936.390533, 149807.322485, 150306.582840, 150574.334320, 150926.035503, 153855.029586, 154447.855030, 154531.065089, 154545.857988, 154707.100592, 155279.955621, 155284.763314, 155900.147929, 155984.837278, 156098.742604, 156183.062130, 156339.127219, 156598.002959, 157006.656805, 157359.837278, 157465.976331, 157697.485207, 158812.500000, 159255.547337, 159264.423077, 159380.547337, 160120.562130, 160556.952663, 160589.866864, 160740.014793, 160825.443787, 160995.192308, 161355.399408, 162045.488166, 162059.171598, 162144.230769, 162161.242604, 162366.494083, 162987.426036, 163196.745562, 163981.508876, 164422.337278, 164684.541420, 164950.073964, 166220.044379, 166243.343195, 166365.014793, 167264.053254, 168681.582840, 169177.884615, 171676.775148, 172687.500000, 172832.840237, 174230.399408, 177615.754438, 180084.319527, 180110.207101, 181635.355030, 183280.695266, 184457.100592, 186009.985207, 186691.198225, 191662.721893, 193978.550296, 195507.396450, 196582.840237, 200192.677515, 201622.781065, 

139000.000000, 140000.000000, 141000.000000, 141000.000000, 141000.000000, 141000.000000, 142000.000000, 143000.000000, 143000.000000, 144000.000000, 144000.000000, 144000.000000, 145000.000000, 145000.000000, 147000.000000, 147000.000000, 147000.000000, 147000.000000, 148000.000000, 148000.000000, 149000.000000, 149000.000000, 149000.000000, 150000.000000, 151000.000000, 151000.000000, 151000.000000, 154000.000000, 154000.000000, 154000.000000, 154000.000000, 154000.000000, 155000.000000, 155000.000000, 156000.000000, 156000.000000, 156000.000000, 156000.000000, 156000.000000, 157000.000000, 157000.000000, 157000.000000, 158000.000000, 158000.000000, 159000.000000, 159000.000000, 159000.000000, 159000.000000, 160000.000000, 161000.000000, 161000.000000, 161000.000000, 161000.000000, 161000.000000, 161000.000000, 162000.000000, 162000.000000, 162000.000000, 162000.000000, 162000.000000, 163000.000000, 164000.000000, 164000.000000, 164000.000000, 164000.000000, 165000.000000, 166000.000000, 166000.000000, 167000.000000, 167000.000000, 169000.000000, 169000.000000, 172000.000000, 173000.000000, 173000.000000, 174000.000000, 178000.000000, 180000.000000, 180000.000000, 181000.000000, 183000.000000, 184000.000000, 186000.000000, 186000.000000, 191000.000000, 194000.000000, 195000.000000, 197000.000000, 200000.000000, 202000.000000, 


Size: 256
199752.218935, 199949.334320, 201920.118343, 202086.538462, 202224.482249, 203555.103550, 204901.997041, 204983.357988, 205211.538462, 205857.988166, 206242.233728, 206250.000000, 207387.204142, 207417.529586, 207507.026627, 207524.778107, 207531.065089, 207646.819527, 207889.053254, 207943.786982, 208246.301775, 208379.807692, 208524.778107, 208731.878698, 209046.597633, 209170.488166, 210021.079882, 210099.482249, 210265.162722, 210525.147929, 210905.325444, 211326.553254, 211638.683432, 211685.650888, 211806.952663, 211850.961538, 212396.079882, 212625.000000, 212706.360947, 213254.807692, 213615.754438, 213729.659763, 214001.109467, 214187.130178, 214354.659763, 214429.363905, 214746.671598, 215528.106509, 215633.136095, 216112.795858, 216684.541420, 217056.213018, 217245.192308, 218182.322485, 218218.195266, 219066.568047, 219405.325444, 219559.171598, 219811.390533, 220341.346154, 220946.375740, 221292.529586, 222024.778107, 222636.834320, 224232.248521, 225205.251479, 225835.798817, 226068.786982, 227803.624260, 230979.659763, 231678.624260, 232118.343195, 232196.745562, 232634.615385, 233687.130178, 235592.085799, 235748.150888, 239773.668639, 241748.520710, 243397.928994, 244043.639053, 245135.355030, 246641.272189, 247592.085799, 249953.032544, 251051.035503, 252017.381657, 252530.695266, 254098.002959, 256487.795858, 

200000.000000, 201000.000000, 201000.000000, 202000.000000, 202000.000000, 204000.000000, 204000.000000, 205000.000000, 205000.000000, 205000.000000, 206000.000000, 206000.000000, 207000.000000, 207000.000000, 207000.000000, 207000.000000, 207000.000000, 208000.000000, 208000.000000, 208000.000000, 208000.000000, 209000.000000, 209000.000000, 209000.000000, 209000.000000, 209000.000000, 209000.000000, 210000.000000, 210000.000000, 211000.000000, 211000.000000, 211000.000000, 211000.000000, 211000.000000, 211000.000000, 212000.000000, 212000.000000, 213000.000000, 213000.000000, 213000.000000, 213000.000000, 213000.000000, 214000.000000, 214000.000000, 214000.000000, 214000.000000, 215000.000000, 215000.000000, 216000.000000, 216000.000000, 216000.000000, 217000.000000, 217000.000000, 218000.000000, 218000.000000, 219000.000000, 219000.000000, 219000.000000, 220000.000000, 220000.000000, 221000.000000, 221000.000000, 222000.000000, 223000.000000, 224000.000000, 225000.000000, 226000.000000, 226000.000000, 227000.000000, 231000.000000, 232000.000000, 232000.000000, 232000.000000, 233000.000000, 233000.000000, 235000.000000, 236000.000000, 240000.000000, 241000.000000, 243000.000000, 244000.000000, 245000.000000, 246000.000000, 248000.000000, 249000.000000, 251000.000000, 252000.000000, 252000.000000, 254000.000000, 256000.000000, 


Size: 512
235061.390533, 235586.168639, 238188.609467, 238259.985207, 238778.846154, 239275.517751, 240095.784024, 241153.476331, 241382.396450, 241752.588757, 241771.079882, 243178.994083, 243340.606509, 243825.813609, 244168.269231, 244528.476331, 244554.733728, 244889.792899, 245233.727811, 245248.890533, 245382.396450, 245931.582840, 246376.849112, 246720.044379, 246731.508876, 247247.041420, 247673.816568, 247789.571006, 248254.807692, 249176.775148, 249567.307692, 250178.624260, 251494.082840, 251864.275148, 252279.955621, 252452.292899, 253880.547337, 254129.068047, 254210.428994, 254398.298817, 254695.636095, 255654.585799, 256046.967456, 256447.855030, 256638.683432, 256682.692308, 256795.118343, 257358.357988, 258313.239645, 260211.908284, 262858.727811, 263358.727811, 263726.701183, 264652.736686, 265456.360947, 265843.195266, 266336.908284, 266978.180473, 268381.656805, 268711.538462, 269030.325444, 269823.964497, 271673.446746, 272170.857988, 272883.875740, 273550.295858, 274309.911243, 278307.692308, 278645.340237, 279275.887574, 279824.704142, 282265.902367, 282354.659763, 284050.665680, 284625.000000, 287289.571006, 288154.215976, 288970.044379, 289363.165680, 293565.458580, 295236.686391, 295811.390533, 296217.455621, 296428.624260, 296764.792899, 297955.621302, 302028.476331, 304808.431953, 305452.292899, 306346.893491, 

235000.000000, 235000.000000, 238000.000000, 238000.000000, 238000.000000, 239000.000000, 240000.000000, 241000.000000, 241000.000000, 241000.000000, 242000.000000, 243000.000000, 244000.000000, 244000.000000, 244000.000000, 244000.000000, 244000.000000, 244000.000000, 245000.000000, 245000.000000, 245000.000000, 245000.000000, 246000.000000, 246000.000000, 246000.000000, 247000.000000, 248000.000000, 248000.000000, 248000.000000, 249000.000000, 249000.000000, 250000.000000, 251000.000000, 251000.000000, 252000.000000, 253000.000000, 254000.000000, 254000.000000, 254000.000000, 254000.000000, 254000.000000, 255000.000000, 256000.000000, 256000.000000, 256000.000000, 256000.000000, 257000.000000, 257000.000000, 258000.000000, 260000.000000, 263000.000000, 263000.000000, 263000.000000, 264000.000000, 265000.000000, 266000.000000, 266000.000000, 267000.000000, 268000.000000, 268000.000000, 268000.000000, 270000.000000, 271000.000000, 272000.000000, 273000.000000, 273000.000000, 274000.000000, 278000.000000, 278000.000000, 279000.000000, 280000.000000, 282000.000000, 282000.000000, 284000.000000, 284000.000000, 287000.000000, 288000.000000, 288000.000000, 289000.000000, 293000.000000, 295000.000000, 295000.000000, 296000.000000, 296000.000000, 296000.000000, 297000.000000, 302000.000000, 304000.000000, 305000.000000, 306000.000000, 


Size: 1024
315079.881657, 317522.928994, 319755.547337, 319978.180473, 320316.198225, 320946.005917, 321249.630178, 321277.366864, 322795.857988, 323106.878698, 323220.784024, 323649.778107, 324094.304734, 324108.727811, 324394.230769, 324819.156805, 325292.899408, 325637.573964, 326046.597633, 326092.085799, 328476.701183, 328490.754438, 329025.147929, 329289.571006, 330020.340237, 330624.630178, 330788.461538, 331328.772189, 331333.210059, 331587.647929, 331945.266272, 332123.890533, 333357.618343, 333799.186391, 333826.923077, 334433.062130, 334441.937870, 335049.926036, 335393.860947, 335799.186391, 336037.352071, 336110.207101, 336793.269231, 337184.911243, 337356.139053, 338642.381657, 339814.718935, 340553.624260, 340784.763314, 341173.076923, 341336.168639, 341990.754438, 342235.207101, 342978.920118, 343027.736686, 343761.094675, 344570.636095, 345723.372781, 346829.511834, 346917.529586, 347694.526627, 349399.778107, 349737.795858, 350194.526627, 350446.745562, 351116.863905, 352721.893491, 357073.594675, 357240.754438, 358619.822485, 359100.961538, 359758.875740, 360494.082840, 366687.130178, 367816.937870, 367825.073964, 368834.319527, 369641.642012, 372064.718935, 372216.715976, 373664.201183, 376431.952663, 377616.863905, 378576.553254, 379153.476331, 380064.718935, 380342.085799, 382686.020710, 385549.556213, 386298.816568, 

314000.000000, 317000.000000, 320000.000000, 320000.000000, 320000.000000, 320000.000000, 321000.000000, 321000.000000, 322000.000000, 323000.000000, 323000.000000, 323000.000000, 324000.000000, 324000.000000, 324000.000000, 324000.000000, 324000.000000, 325000.000000, 325000.000000, 326000.000000, 328000.000000, 328000.000000, 329000.000000, 329000.000000, 330000.000000, 330000.000000, 331000.000000, 331000.000000, 331000.000000, 331000.000000, 331000.000000, 331000.000000, 333000.000000, 333000.000000, 334000.000000, 334000.000000, 334000.000000, 334000.000000, 335000.000000, 335000.000000, 335000.000000, 336000.000000, 336000.000000, 337000.000000, 337000.000000, 338000.000000, 339000.000000, 340000.000000, 340000.000000, 341000.000000, 341000.000000, 341000.000000, 342000.000000, 342000.000000, 343000.000000, 343000.000000, 344000.000000, 345000.000000, 347000.000000, 347000.000000, 347000.000000, 349000.000000, 349000.000000, 349000.000000, 350000.000000, 351000.000000, 352000.000000, 356000.000000, 357000.000000, 358000.000000, 359000.000000, 359000.000000, 360000.000000, 366000.000000, 367000.000000, 367000.000000, 368000.000000, 369000.000000, 371000.000000, 372000.000000, 373000.000000, 376000.000000, 377000.000000, 378000.000000, 379000.000000, 380000.000000, 380000.000000, 383000.000000, 385000.000000, 386000.000000, 


Size: 2048
448118.713018, 451161.982249, 453158.284024, 453196.375740, 453949.334320, 456099.482249, 457008.875740, 457879.807692, 458652.366864, 459275.147929, 459333.949704, 459418.639053, 459550.295858, 460078.402367, 462069.156805, 464321.375740, 466721.893491, 466826.553254, 468124.260355, 468370.562130, 469210.059172, 470393.491124, 470418.639053, 470812.869822, 471138.313609, 471296.597633, 471318.786982, 473699.334320, 473862.795858, 475538.091716, 476693.417160, 476856.878698, 477549.186391, 480482.618343, 480680.473373, 483554.363905, 484808.801775, 485485.946746, 486585.798817, 488878.328402, 489861.686391, 489942.307692, 490418.639053, 491540.310651, 491555.473373, 494349.482249, 494354.289941, 496193.417160, 496553.254438, 496592.085799, 496788.461538, 501136.834320, 503301.405325, 504061.390533, 505196.375740, 505345.784024, 506975.591716, 508135.724852, 509315.458580, 509498.890533, 510171.597633, 510921.597633, 511072.115385, 511097.633136, 511160.502959, 511585.428994, 511823.964497, 512278.846154, 513083.210059, 516093.565089, 518935.650888, 520423.076923, 520737.795858, 526034.393491, 526598.372781, 527218.934911, 527277.366864, 529477.071006, 530583.579882, 531922.707101, 534304.733728, 538880.547337, 539035.872781, 539260.355030, 541044.748521, 541656.434911, 542634.245562, 543424.926036, 543893.121302, 545740.014793, 

447000.000000, 450000.000000, 452000.000000, 453000.000000, 453000.000000, 455000.000000, 456000.000000, 457000.000000, 458000.000000, 459000.000000, 459000.000000, 459000.000000, 459000.000000, 459000.000000, 461000.000000, 463000.000000, 465000.000000, 466000.000000, 467000.000000, 468000.000000, 468000.000000, 469000.000000, 469000.000000, 470000.000000, 470000.000000, 470000.000000, 470000.000000, 473000.000000, 473000.000000, 475000.000000, 475000.000000, 476000.000000, 476000.000000, 480000.000000, 480000.000000, 482000.000000, 484000.000000, 484000.000000, 485000.000000, 488000.000000, 489000.000000, 489000.000000, 490000.000000, 491000.000000, 491000.000000, 493000.000000, 494000.000000, 495000.000000, 496000.000000, 496000.000000, 496000.000000, 501000.000000, 503000.000000, 503000.000000, 504000.000000, 505000.000000, 506000.000000, 507000.000000, 508000.000000, 508000.000000, 509000.000000, 510000.000000, 510000.000000, 510000.000000, 510000.000000, 511000.000000, 511000.000000, 512000.000000, 512000.000000, 515000.000000, 518000.000000, 519000.000000, 520000.000000, 525000.000000, 526000.000000, 526000.000000, 527000.000000, 528000.000000, 530000.000000, 531000.000000, 534000.000000, 538000.000000, 538000.000000, 538000.000000, 540000.000000, 541000.000000, 542000.000000, 542000.000000, 543000.000000, 545000.000000, 


Size: 4096
681515.532544, 683426.405325, 687928.624260, 689942.307692, 691074.334320, 691125.000000, 693701.183432, 696324.334320, 701939.718935, 704001.109467, 705965.606509, 710414.940828, 710666.789941, 711923.816568, 712658.653846, 715237.056213, 716124.260355, 717084.319527, 717093.565089, 718086.908284, 719585.428994, 722599.112426, 722761.094675, 723514.423077, 725419.008876, 731929.363905, 734225.221893, 734416.420118, 735811.760355, 736091.715976, 737873.890533, 739180.473373, 739197.115385, 739255.917160, 741588.757396, 741759.615385, 742266.272189, 746807.692308, 748277.736686, 748696.005917, 750099.852071, 750270.340237, 750409.393491, 750510.724852, 751920.118343, 752474.112426, 752857.618343, 753682.322485, 754095.044379, 754438.239645, 754545.857988, 755201.183432, 756346.523669, 756916.050296, 757373.520710, 757776.997041, 759200.073964, 761098.372781, 762087.278107, 765466.346154, 765508.136095, 766214.127219, 767664.940828, 768908.653846, 769865.384615, 770073.964497, 771728.180473, 771822.855030, 772646.819527, 772859.467456, 776519.230769, 777189.718935, 777248.890533, 778037.352071, 779294.378698, 779727.440828, 780227.071006, 780491.124260, 780885.355030, 782464.497041, 786749.260355, 787227.810651, 788607.618343, 788916.050296, 789529.215976, 790508.875740, 790956.730769, 793224.852071, 793425.295858, 795210.798817, 

680000.000000, 682000.000000, 686000.000000, 689000.000000, 689000.000000, 690000.000000, 692000.000000, 695000.000000, 700000.000000, 702000.000000, 705000.000000, 709000.000000, 709000.000000, 711000.000000, 711000.000000, 714000.000000, 715000.000000, 715000.000000, 715000.000000, 717000.000000, 718000.000000, 721000.000000, 721000.000000, 722000.000000, 723000.000000, 730000.000000, 732000.000000, 732000.000000, 734000.000000, 734000.000000, 736000.000000, 737000.000000, 737000.000000, 738000.000000, 740000.000000, 740000.000000, 741000.000000, 745000.000000, 746000.000000, 747000.000000, 748000.000000, 748000.000000, 749000.000000, 749000.000000, 750000.000000, 751000.000000, 751000.000000, 752000.000000, 752000.000000, 753000.000000, 753000.000000, 754000.000000, 754000.000000, 755000.000000, 755000.000000, 756000.000000, 758000.000000, 760000.000000, 760000.000000, 764000.000000, 764000.000000, 765000.000000, 766000.000000, 768000.000000, 768000.000000, 768000.000000, 770000.000000, 770000.000000, 771000.000000, 771000.000000, 774000.000000, 775000.000000, 775000.000000, 776000.000000, 778000.000000, 778000.000000, 778000.000000, 779000.000000, 779000.000000, 781000.000000, 785000.000000, 785000.000000, 787000.000000, 787000.000000, 788000.000000, 788000.000000, 789000.000000, 791000.000000, 791000.000000, 794000.000000, 


Size: 16384
2015299.186391, 2017315.828402, 2019097.633136, 2020386.464497, 2030524.778107, 2035478.550296, 2036975.961538, 2037129.068047, 2039061.760355, 2043116.863905, 2044543.639053, 2045578.032544, 2051477.810651, 2052924.186391, 2063044.748521, 2065650.887574, 2066919.378698, 2070964.497041, 2071372.781065, 2071610.946746, 2078149.038462, 2082806.213018, 2084991.863905, 2088021.819527, 2090337.278107, 2090573.594675, 2091339.497041, 2093615.754438, 2100554.733728, 2101326.553254, 2105009.245562, 2105226.701183, 2105331.730769, 2106143.491124, 2107434.541420, 2107443.417160, 2107449.704142, 2108024.038462, 2109128.698225, 2110940.458580, 2112453.402367, 2112474.482249, 2113653.106509, 2116056.213018, 2117090.606509, 2119387.573964, 2123337.278107, 2124472.263314, 2126456.360947, 2128566.198225, 2131051.035503, 2131737.795858, 2132981.878698, 2138447.115385, 2140876.849112, 2143409.023669, 2144627.588757, 2145442.677515, 2145567.677515, 2146623.150888, 2146755.177515, 2147181.582840, 2149062.130178, 2150626.849112, 2152120.562130, 2155969.674556, 2157255.547337, 2158092.085799, 2158559.541420, 2160600.591716, 2160909.393491, 2161738.535503, 2163537.721893, 2163826.553254, 2167080.991124, 2167204.881657, 2167528.846154, 2168859.837278, 2169145.710059, 2169716.715976, 2170420.488166, 2174034.763314, 2177763.313609, 2178762.573964, 2182635.724852, 2183554.363905, 2184157.544379, 2186229.289941, 2198963.017751, 2202598.742604, 

2010000.000000, 2012000.000000, 2014000.000000, 2015000.000000, 2025000.000000, 2030000.000000, 2031000.000000, 2032000.000000, 2034000.000000, 2037000.000000, 2039000.000000, 2040000.000000, 2046000.000000, 2047000.000000, 2057000.000000, 2060000.000000, 2061000.000000, 2065000.000000, 2065000.000000, 2066000.000000, 2073000.000000, 2078000.000000, 2080000.000000, 2082000.000000, 2084000.000000, 2085000.000000, 2086000.000000, 2088000.000000, 2095000.000000, 2095000.000000, 2099000.000000, 2099000.000000, 2100000.000000, 2101000.000000, 2101000.000000, 2101000.000000, 2102000.000000, 2103000.000000, 2104000.000000, 2105000.000000, 2107000.000000, 2107000.000000, 2108000.000000, 2110000.000000, 2112000.000000, 2113000.000000, 2118000.000000, 2119000.000000, 2121000.000000, 2123000.000000, 2125000.000000, 2126000.000000, 2127000.000000, 2133000.000000, 2135000.000000, 2137000.000000, 2139000.000000, 2139000.000000, 2140000.000000, 2141000.000000, 2141000.000000, 2141000.000000, 2144000.000000, 2145000.000000, 2146000.000000, 2150000.000000, 2152000.000000, 2152000.000000, 2153000.000000, 2155000.000000, 2155000.000000, 2156000.000000, 2157000.000000, 2158000.000000, 2161000.000000, 2161000.000000, 2162000.000000, 2163000.000000, 2163000.000000, 2164000.000000, 2165000.000000, 2168000.000000, 2172000.000000, 2173000.000000, 2177000.000000, 2177000.000000, 2178000.000000, 2180000.000000, 2193000.000000, 2196000.000000, 


Size: 65536
6865397.928994, 7077639.792899, 7099125.739645, 7103510.724852, 7139874.260355, 7147949.334320, 7192121.301775, 7198580.621302, 7207828.772189, 7214765.532544, 7243356.508876, 7269900.517751, 7278870.562130, 7278900.517751, 7283172.707101, 7283585.059172, 7286641.642012, 7296027.366864, 7310842.825444, 7312696.375740, 7316101.701183, 7337688.239645, 7337729.289941, 7338865.754438, 7339707.840237, 7342878.328402, 7345331.360947, 7349193.786982, 7349775.147929, 7380001.479290, 7385289.940828, 7386864.644970, 7391226.331361, 7400818.786982, 7401555.473373, 7402581.360947, 7405723.742604, 7407332.840237, 7408563.979290, 7412707.840237, 7416005.547337, 7426596.153846, 7429562.130178, 7429922.337278, 7430052.514793, 7432138.683432, 7434660.502959, 7437143.860947, 7442767.751479, 7444474.482249, 7444820.266272, 7448622.781065, 7449321.375740, 7456521.819527, 7457216.346154, 7458230.399408, 7460262.943787, 7461018.491124, 7464743.713018, 7464792.529586, 7468917.529586, 7469896.079882, 7470558.062130, 7475982.988166, 7476140.162722, 7476171.597633, 7480664.571006, 7491679.733728, 7494772.928994, 7495066.198225, 7507235.207101, 7510076.923077, 7519981.508876, 7526337.647929, 7528034.023669, 7528155.325444, 7528580.621302, 7529981.508876, 7531507.026627, 7531561.020710, 7534634.615385, 7537971.153846, 7550849.852071, 7557823.594675, 7564666.050296, 7567438.239645, 7575911.242604, 7578534.023669, 7581098.372781, 7586616.124260, 

6846000.000000, 7057000.000000, 7079000.000000, 7083000.000000, 7119000.000000, 7127000.000000, 7171000.000000, 7178000.000000, 7187000.000000, 7194000.000000, 7222000.000000, 7249000.000000, 7258000.000000, 7258000.000000, 7262000.000000, 7263000.000000, 7265000.000000, 7276000.000000, 7290000.000000, 7292000.000000, 7295000.000000, 7316000.000000, 7317000.000000, 7317000.000000, 7319000.000000, 7322000.000000, 7325000.000000, 7328000.000000, 7329000.000000, 7358000.000000, 7364000.000000, 7366000.000000, 7370000.000000, 7380000.000000, 7381000.000000, 7382000.000000, 7384000.000000, 7386000.000000, 7387000.000000, 7392000.000000, 7394000.000000, 7406000.000000, 7408000.000000, 7409000.000000, 7409000.000000, 7411000.000000, 7413000.000000, 7416000.000000, 7421000.000000, 7423000.000000, 7423000.000000, 7428000.000000, 7428000.000000, 7435000.000000, 7436000.000000, 7437000.000000, 7438000.000000, 7439000.000000, 7443000.000000, 7444000.000000, 7448000.000000, 7449000.000000, 7449000.000000, 7454000.000000, 7454000.000000, 7455000.000000, 7459000.000000, 7471000.000000, 7473000.000000, 7474000.000000, 7485000.000000, 7488000.000000, 7498000.000000, 7504000.000000, 7506000.000000, 7507000.000000, 7507000.000000, 7508000.000000, 7510000.000000, 7510000.000000, 7513000.000000, 7517000.000000, 7529000.000000, 7536000.000000, 7543000.000000, 7546000.000000, 7554000.000000, 7557000.000000, 7560000.000000, 7565000.000000, 


Size: 131072
13619995.562130, 13647664.201183, 13648800.665680, 13658645.340237, 13825310.281065, 13873437.869822, 13881682.692308, 13883797.707101, 13931209.689349, 13941473.372781, 13974515.902367, 13974803.254438, 14074535.502959, 14087459.689349, 14108172.707101, 14110042.899408, 14113582.470414, 14121736.686391, 14136474.482249, 14139776.257396, 14146027.366864, 14172298.816568, 14174759.245562, 14189546.967456, 14197605.769231, 14223676.775148, 14241905.325444, 14254062.130178, 14272505.547337, 14276218.934911, 14320344.304734, 14329505.177515, 14333598.002959, 14350638.683432, 14351675.665680, 14409145.340237, 14415879.807692, 14467155.325444, 14474024.408284, 14493999.260355, 14495574.704142, 14504404.955621, 14513222.263314, 14530210.059172, 14531384.615385, 14537732.988166, 14542800.295858, 14546971.893491, 14567171.967456, 14569524.778107, 14572701.183432, 14577472.263314, 14580153.846154, 14595580.621302, 14598160.133136, 14604125.000000, 14622745.931953, 14631842.085799, 14636374.630178, 14640067.677515, 14641491.494083, 14641500.369822, 14651831.730769, 14681287.352071, 14681478.920118, 14683200.813609, 14683666.789941, 14698575.073964, 14703708.579882, 14704677.884615, 14721729.289941, 14725140.902367, 14725664.201183, 14727257.396450, 14728835.428994, 14737518.121302, 14755764.792899, 14762442.677515, 14768061.390533, 14772482.988166, 14778360.946746, 14779191.568047, 14828384.615385, 14891304.733728, 14919247.781065, 14937144.230769, 14939771.819527, 14941944.896450, 14949916.420118, 14969430.473373, 

13580000.000000, 13608000.000000, 13609000.000000, 13620000.000000, 13785000.000000, 13833000.000000, 13841000.000000, 13843000.000000, 13890000.000000, 13901000.000000, 13935000.000000, 13935000.000000, 14034000.000000, 14046000.000000, 14067000.000000, 14069000.000000, 14073000.000000, 14081000.000000, 14095000.000000, 14099000.000000, 14105000.000000, 14131000.000000, 14133000.000000, 14148000.000000, 14156000.000000, 14182000.000000, 14201000.000000, 14213000.000000, 14231000.000000, 14235000.000000, 14279000.000000, 14289000.000000, 14292000.000000, 14309000.000000, 14310000.000000, 14367000.000000, 14374000.000000, 14425000.000000, 14432000.000000, 14452000.000000, 14454000.000000, 14462000.000000, 14471000.000000, 14488000.000000, 14489000.000000, 14496000.000000, 14501000.000000, 14505000.000000, 14524000.000000, 14527000.000000, 14530000.000000, 14535000.000000, 14537000.000000, 14553000.000000, 14556000.000000, 14562000.000000, 14580000.000000, 14590000.000000, 14594000.000000, 14598000.000000, 14599000.000000, 14599000.000000, 14610000.000000, 14638000.000000, 14639000.000000, 14641000.000000, 14641000.000000, 14655000.000000, 14661000.000000, 14662000.000000, 14679000.000000, 14682000.000000, 14683000.000000, 14684000.000000, 14686000.000000, 14695000.000000, 14713000.000000, 14720000.000000, 14726000.000000, 14730000.000000, 14735000.000000, 14737000.000000, 14785000.000000, 14848000.000000, 14876000.000000, 14894000.000000, 14897000.000000, 14898000.000000, 14906000.000000, 14926000.000000, 


Size: 262144
26688667.529586, 26703229.659763, 26774882.026627, 26988896.079882, 27169397.928994, 27191930.473373, 27226610.946746, 27255372.411243, 27417017.381657, 27532630.917160, 27564218.565089, 27790644.230769, 27831550.295858, 27895042.159763, 27918469.304734, 27973050.665680, 28000508.875740, 28013162.352071, 28083321.005917, 28105215.236686, 28113220.784024, 28156900.147929, 28172731.878698, 28185801.775148, 28214394.970414, 28224637.943787, 28259413.831361, 28262525.147929, 28308340.976331, 28329546.597633, 28337806.582840, 28355097.263314, 28357915.310651, 28383628.698225, 28394642.381657, 28406285.502959, 28455166.789941, 28457717.455621, 28477419.378698, 28514080.251479, 28537262.573964, 28599303.254438, 28607058.431953, 28608505.917160, 28617173.076923, 28630621.301775, 28639588.387574, 28645176.035503, 28662281.804734, 28672901.627219, 28676524.408284, 28679875.000000, 28722119.452663, 28736596.893491, 28739002.588757, 28739248.150888, 28740948.224852, 28742766.642012, 28745014.792899, 28745441.568047, 28755933.431953, 28770845.044379, 28773960.798817, 28793264.792899, 28800840.606509, 28809397.928994, 28812900.887574, 28817858.727811, 28860077.292899, 28873423.816568, 28909682.322485, 28921327.292899, 28937410.133136, 28949858.357988, 28951595.414201, 28962791.420118, 28985200.073964, 28994697.485207, 29037973.372781, 29058995.192308, 29103775.887574, 29140951.183432, 29167633.875740, 29176229.289941, 29209597.263314, 29221830.991124, 29226679.363905, 29294005.177515, 29327644.230769, 29328764.792899, 

26611000.000000, 26625000.000000, 26697000.000000, 26910000.000000, 27090000.000000, 27113000.000000, 27148000.000000, 27175000.000000, 27337000.000000, 27452000.000000, 27484000.000000, 27709000.000000, 27751000.000000, 27814000.000000, 27838000.000000, 27891000.000000, 27919000.000000, 27931000.000000, 28001000.000000, 28023000.000000, 28031000.000000, 28075000.000000, 28091000.000000, 28103000.000000, 28132000.000000, 28142000.000000, 28179000.000000, 28180000.000000, 28227000.000000, 28247000.000000, 28256000.000000, 28273000.000000, 28275000.000000, 28301000.000000, 28312000.000000, 28324000.000000, 28372000.000000, 28374000.000000, 28394000.000000, 28431000.000000, 28454000.000000, 28515000.000000, 28523000.000000, 28525000.000000, 28533000.000000, 28547000.000000, 28556000.000000, 28562000.000000, 28579000.000000, 28589000.000000, 28592000.000000, 28597000.000000, 28639000.000000, 28653000.000000, 28656000.000000, 28656000.000000, 28657000.000000, 28659000.000000, 28661000.000000, 28661000.000000, 28672000.000000, 28687000.000000, 28690000.000000, 28709000.000000, 28717000.000000, 28725000.000000, 28729000.000000, 28734000.000000, 28775000.000000, 28789000.000000, 28825000.000000, 28837000.000000, 28853000.000000, 28865000.000000, 28867000.000000, 28879000.000000, 28901000.000000, 28910000.000000, 28953000.000000, 28974000.000000, 29019000.000000, 29056000.000000, 29084000.000000, 29091000.000000, 29124000.000000, 29136000.000000, 29141000.000000, 29209000.000000, 29243000.000000, 29243000.000000, 


Size: 524288
53209998.520710, 54235147.189349, 54237783.653846, 54405799.926036, 54429440.458580, 54443917.529586, 54839211.168639, 55462750.739645, 55738860.576923, 55847812.130178, 55853121.671598, 55988879.807692, 55990321.005917, 56091789.201183, 56099071.745562, 56179515.902367, 56220636.464497, 56264320.266272, 56439026.997041, 56479267.011834, 56499350.591716, 56521077.662722, 56608093.565089, 56681093.565089, 56689474.852071, 56759047.707101, 56800051.775148, 56847202.662722, 56880228.180473, 56911776.257396, 56920273.298817, 56971768.860947, 56997424.926036, 57008052.884615, 57051692.677515, 57074720.784024, 57178623.150888, 57201084.319527, 57244701.183432, 57493760.355030, 57550920.118343, 57576013.313609, 57590849.482249, 57664404.955621, 57756154.955621, 57773303.624260, 57778161.982249, 57814011.464497, 57837992.603550, 57930646.449704, 57986707.100592, 58013575.073964, 58093642.751479, 58202810.281065, 58230502.958580, 58284729.659763, 58307562.869822, 58381448.594675, 58390612.426036, 58599843.195266, 58629154.215976, 58677499.260355, 58768006.286982, 58793284.763314, 58828847.633136, 58837348.002959, 58911766.272189, 58913554.363905, 59015455.251479, 59075729.659763, 59078924.556213, 59157351.331361, 59166777.366864, 59352139.053254, 59406633.136095, 59420478.550296, 59553545.488166, 59643928.254438, 59644920.118343, 59709984.097633, 59734433.062130, 59788862.426036, 59797976.701183, 59856331.730769, 59858158.284024, 59947265.532544, 60124343.565089, 60217238.905325, 60308916.420118, 60545341.715976, 

53054000.000000, 54077000.000000, 54079000.000000, 54247000.000000, 54270000.000000, 54284000.000000, 54679000.000000, 55300000.000000, 55575000.000000, 55685000.000000, 55690000.000000, 55825000.000000, 55826000.000000, 55928000.000000, 55936000.000000, 56015000.000000, 56057000.000000, 56099000.000000, 56274000.000000, 56314000.000000, 56337000.000000, 56355000.000000, 56442000.000000, 56515000.000000, 56523000.000000, 56593000.000000, 56634000.000000, 56687000.000000, 56714000.000000, 56745000.000000, 56754000.000000, 56805000.000000, 56831000.000000, 56841000.000000, 56884000.000000, 56908000.000000, 57012000.000000, 57033000.000000, 57076000.000000, 57325000.000000, 57387000.000000, 57415000.000000, 57422000.000000, 57495000.000000, 57587000.000000, 57604000.000000, 57608000.000000, 57644000.000000, 57669000.000000, 57774000.000000, 57817000.000000, 57844000.000000, 57923000.000000, 58032000.000000, 58060000.000000, 58114000.000000, 58137000.000000, 58211000.000000, 58219000.000000, 58429000.000000, 58458000.000000, 58505000.000000, 58596000.000000, 58621000.000000, 58656000.000000, 58665000.000000, 58739000.000000, 58742000.000000, 58845000.000000, 58905000.000000, 58906000.000000, 58985000.000000, 58994000.000000, 59178000.000000, 59233000.000000, 59246000.000000, 59379000.000000, 59469000.000000, 59471000.000000, 59536000.000000, 59560000.000000, 59614000.000000, 59623000.000000, 59682000.000000, 59692000.000000, 59780000.000000, 59948000.000000, 60042000.000000, 60132000.000000, 60369000.000000, 